8.2 3.9
8.1 4.2
5.2 1.9
8.9 3.0
4.8 0.0
4.3 6.8
2.5 7.0
3.6 8.7
6.3 3.9
8.3 0.8
5.3 9.6
1.3 6.9
6.6 0.6
4.0 2.6
5.4 7.1
9.2 2.2
1.9 10.0
1.5 5.9
*2.0 3.1
7.3 2.7
6.5 9.9
0.1 2.3
4.4 2.8
7.2 3.3
7.1 1.2
9.7 2.2
9.2 4.1
6.6 6.0
5.1 3.6
8.9 5.3
4.4 2.6
8.7 3.9
4.7 5.4
4.7 4.3
8.0 4.1
3.2 8.4
8.8 9.0
9.7 8.8
0.9 1.6
6.4 6.3
9.1 5.5
9.1 5.5

12 29 0.6
17 33 3.5
4 12 1.2
7 31 2.7
1 35 5.0
16 37 3.2
4 15 6.2
3 18 9.5
8 28 1.2
1 3 4.9
11 37 0.3
11 13 0.8
9 36 9.2
7 19 6.0
22 33 9.4
9 31 4.8
3 24 8.5
17 20 5.6
4 28 0.4
19 39 1.1
3 27 3.6
5 23 9.8
5 41 1.7
4 7 5.9
14 28 2.7
18 19 1.3
12 32 9.8
16 17 4.7
5 40 5.9
3 25 1.8
5 20 9.5
2 37 8.0
21 41 1.2
29 35 7.4
7 8 7.9
10 34 1.7
28 42 3.4
6 25 8.1
3 42 9.6
4 17 6.8
1 21 5.6
19 40 7.8
1 19 1.8
8 40 0.8
3 19 5.0
7 21 9.9
20 42 8.0
3 9 4.3
7 25 9.4
7 26 8.4
1 6 1.2
2 5 5.9
7 13 3.4
30 39 1.1
14 38 3.1
7 35 5.2
21 29 6.2
2 9 5.6
2 26 0.6
6 41 2.1
9 42 1.3
1 38 8.3
1 7 5.0
6 24 9.1
4 16 7.5
10 33 4.8
9 11 7.4
29 36 0.4
18 38 6.7
13 29 7.3
24 30 0.5
15 22 8.6
30 32 9.2
14 27 0.1
6 38 9.4
6 10 3.1
26 36 0.9
9 16 7.4
9 12 0.8
1 2 6.5
34 40 0.8
2 4 3.5
3 14 4.3
11 19 3.2
