9.5 2.6
7.8 9.1
0.7 3.6
0.6 6.0
3.6 3.0
3.4 0.1
2.6 0.8
9.1 0.3
3.8 3.8
6.2 6.4
5.9 0.8
5.2 5.8
7.7 8.6
9.4 8.8
4.2 5.2
4.5 1.6
7.7 7.0
9.8 2.9
3.4 6.4
7.5 2.2
2.3 6.4
0.5 7.0
9.4 9.8
1.3 1.4
4.0 1.5
5.8 3.5
1.0 7.5
7.4 2.8
3.9 1.0
4.7 0.2
2.5 5.9
0.3 4.5
2.4 6.8
2.9 4.6
7.2 4.1
7.4 7.7
0.5 3.2
9.8 1.6
0.2 9.4
2.1 2.2
6.5 1.5
*3.7 2.8

20 26 6.0
20 29 2.4
10 11 3.4
25 27 6.2
6 37 8.1
5 37 7.0
17 26 2.6
13 20 8.8
1 10 4.7
27 41 5.4
24 25 0.9
14 38 3.9
1 36 4.7
3 42 5.0
17 18 9.0
13 30 1.7
1 31 0.4
7 11 4.5
8 42 7.4
22 26 8.9
2 17 3.0
22 42 9.8
3 24 1.5
16 21 1.7
10 14 6.9
13 24 5.9
21 33 4.6
9 31 1.1
28 40 2.2
12 18 2.2
8 22 7.0
23 42 9.6
29 32 6.0
13 19 5.1
13 36 7.5
5 28 7.3
8 30 6.6
1 5 8.5
28 37 0.5
2 42 5.2
25 31 4.6
16 20 1.5
39 41 5.4
1 4 9.5
11 16 1.7
7 8 1.6
14 30 5.4
17 34 9.4
27 34 2.6
1 23 9.2
2 21 5.2
18 19 8.5
16 36 6.3
8 36 2.7
7 27 6.2
20 32 8.5
17 42 3.7
16 38 1.9
23 29 7.9
2 9 1.7
13 28 2.0
13 27 2.2
4 26 6.4
1 21 6.0
28 31 0.6
19 32 0.7
30 35 2.4
14 28 8.8
1 34 4.9
3 7 2.5
1 6 7.2
4 38 8.5
1 42 7.3
8 15 2.8
31 40 6.1
11 18 5.1
3 12 4.8
3 13 7.7
1 25 1.6
18 28 4.4
1 41 0.5
29 39 0.2
5 27 7.3
25 40 4.7
