9.7 4.7
3.8 6.3
3.4 7.2
6.1 3.5
9.2 0.7
8.8 4.0
1.0 6.1
7.6 5.5
9.5 0.7
1.6 2.9
7.1 8.7
0.4 9.4
8.7 9.1
8.8 2.4
8.4 1.4
0.8 5.1
4.3 3.7
0.9 5.3
9.7 7.0
9.9 3.0
*4.5 8.5
7.5 3.2
4.8 4.3
1.6 0.3
8.5 9.5
2.9 8.5
7.9 5.7
1.9 2.5
0.6 2.1
1.1 7.6
4.5 5.3
4.4 5.4
7.5 8.5
6.7 3.2
7.1 6.8
4.2 5.6
9.3 3.8
6.4 0.3
1.7 3.7
9.1 6.9
2.1 2.3
4.9 9.3

2 17 6.0
17 41 7.0
19 23 8.3
12 15 0.3
8 36 7.5
2 22 0.2
12 23 4.8
19 34 9.4
15 40 6.5
31 42 9.3
5 21 2.0
14 31 6.2
1 6 0.8
11 13 2.3
3 27 1.1
13 28 2.7
22 32 4.1
19 31 5.8
15 31 9.4
7 36 4.1
7 17 0.2
21 26 0.5
29 42 6.5
4 34 6.8
22 25 9.9
21 36 1.9
34 38 4.9
27 32 0.2
9 33 3.7
3 34 3.6
25 35 3.5
5 26 2.1
3 4 8.3
3 21 4.4
7 30 0.8
15 20 3.2
2 11 8.8
33 35 7.3
6 21 2.3
3 9 3.1
3 38 5.2
23 39 7.8
9 11 2.3
1 2 2.9
6 7 6.8
14 21 7.1
16 21 9.6
4 30 3.7
3 39 8.1
5 9 9.2
25 27 3.9
11 30 5.2
41 42 6.1
32 41 9.4
7 33 5.3
5 35 1.3
1 21 0.1
35 40 1.3
12 19 9.7
24 40 0.2
3 17 6.4
37 39 9.2
8 18 7.7
8 23 3.7
1 8 2.1
28 30 8.7
14 38 0.6
9 28 4.9
1 28 2.5
8 10 1.8
2 20 5.1
12 42 3.6
17 29 5.3
20 39 0.7
5 14 7.7
11 27 9.5
6 13 8.2
11 21 7.9
16 24 8.8
12 37 6.5
23 27 7.9
9 12 2.8
10 19 1.5
18 29 4.5
