5.6 5.8
6.5 1.8
0.2 4.3
6.5 1.2
9.3 3.4
4.5 6.4
0.9 4.5
8.7 1.5
3.6 7.4
1.9 5.5
*3.4 9.7
2.1 8.4
2.9 4.4
1.6 1.9
0.9 8.3
2.5 5.7
1.9 1.7
5.2 6.4
7.7 3.4
3.9 1.8
0.8 1.3
2.9 0.9
5.3 3.0
6.1 0.5
7.8 5.0
4.4 4.4
1.8 0.5
4.8 8.3
7.9 5.9
4.8 5.6
3.3 4.1
3.8 4.7
6.2 4.9
8.0 5.5
9.0 1.4
2.0 7.3
2.8 2.4
9.2 2.0
7.2 3.4
2.5 0.1
7.2 3.8
4.4 2.1

14 15 7.6
5 34 4.4
12 26 8.0
2 17 4.6
1 6 3.9
10 24 4.7
29 31 7.1
21 42 5.3
16 32 9.6
4 34 6.1
12 40 9.5
12 17 6.7
6 22 6.1
29 35 8.5
32 36 4.1
2 12 4.0
20 24 9.8
31 38 4.3
4 40 8.4
2 11 8.2
31 39 0.7
2 5 1.9
10 29 5.8
27 32 2.5
7 31 0.9
8 24 8.7
14 34 3.4
11 26 1.2
6 34 6.0
26 32 3.8
8 12 5.5
8 27 7.4
12 29 0.3
33 41 9.4
7 10 0.4
19 39 2.4
1 4 1.3
3 34 1.2
2 40 5.8
4 6 0.2
3 33 5.4
10 38 9.1
3 18 9.7
15 22 6.0
16 42 9.2
11 31 1.6
2 42 1.4
2 39 3.2
13 40 6.6
2 15 8.9
12 27 8.0
4 7 9.1
25 38 0.3
26 31 1.3
1 11 7.6
14 25 7.7
29 32 0.3
17 22 8.1
7 16 9.7
1 3 6.7
11 34 0.7
21 37 9.0
7 9 9.3
31 34 8.8
10 12 6.2
19 38 5.0
3 8 5.8
25 33 9.4
19 20 7.1
8 19 6.3
12 24 3.7
4 20 2.0
30 36 8.0
12 13 6.5
4 19 9.8
11 16 9.2
2 14 6.9
22 37 1.6
10 28 9.6
6 37 6.1
28 30 9.0
8 23 6.9
15 28 0.9
16 21 9.7
