1.3 7.9
8.0 2.0
6.9 2.5
4.9 4.5
5.7 8.1
6.3 3.4
7.4 9.3
9.9 9.3
7.1 6.6
*8.0 8.7
8.3 3.3
4.7 3.5
4.0 9.8
2.2 0.5
8.4 8.8
6.6 7.9
7.1 7.7
0.4 1.1
4.0 7.7
0.2 0.7
6.2 5.9
0.9 0.4
0.7 8.9
3.7 4.1
1.0 2.7
0.7 1.2
5.7 3.1
6.0 2.9
4.7 8.8
7.5 2.1
6.9 3.1
0.7 3.1
7.2 4.5
7.9 4.6
3.4 0.3
1.5 6.2
5.7 4.5
5.0 2.0
0.8 4.7
5.8 7.1
7.2 3.8
7.3 3.8

26 33 4.1
15 30 2.0
1 14 5.4
2 10 7.1
4 16 5.7
4 37 0.6
11 26 9.2
4 9 7.3
25 38 4.3
16 20 7.1
1 17 0.7
19 23 8.9
6 11 2.9
22 26 9.6
14 37 3.7
1 28 5.4
19 21 1.8
18 27 0.2
7 25 4.1
23 30 1.6
5 33 1.6
15 28 8.8
25 41 6.5
9 38 2.8
2 32 7.9
35 39 5.7
1 10 7.9
3 4 5.6
3 16 7.2
4 7 5.5
10 24 2.8
24 42 3.6
4 17 9.0
1 3 6.6
21 33 6.7
22 29 4.3
25 37 9.7
1 41 9.3
28 30 5.0
11 22 0.9
13 34 5.5
19 27 8.5
16 32 4.2
1 6 8.8
6 31 5.0
8 42 3.7
12 40 9.2
23 29 5.4
24 29 5.7
40 41 0.1
22 33 5.3
1 9 9.8
3 33 5.5
4 5 1.6
12 24 4.8
6 13 6.1
9 11 1.2
1 37 3.5
27 31 9.4
1 8 6.5
22 27 4.1
12 35 1.2
19 37 6.4
23 40 3.9
11 20 3.8
14 17 1.3
19 38 7.9
12 36 1.9
23 25 1.0
20 22 8.2
12 18 4.3
17 19 1.3
22 24 1.1
5 37 7.3
5 36 4.5
5 12 4.0
9 18 9.7
2 42 9.3
12 14 2.9
2 9 5.2
3 35 6.8
5 34 5.1
13 15 7.2
17 29 6.0
