4.3 1.6
1.7 4.8
0.6 0.7
9.7 9.1
0.9 2.8
8.2 2.1
8.0 2.7
1.5 6.7
7.5 4.7
*8.6 6.8
2.8 6.0
0.5 7.6
7.5 6.0
7.6 0.3
1.1 0.5
5.1 1.2
7.9 0.8
5.8 1.4
7.5 9.6
2.8 5.4
2.9 9.1
8.0 9.0
2.3 4.6
1.1 3.8
7.2 3.4
2.7 8.3
0.5 7.7
0.8 8.4
6.9 8.2
5.4 3.1
7.8 7.7
9.9 1.2
6.0 9.8
3.6 0.0
5.9 8.1
7.0 9.6
1.9 2.5
2.6 2.2
1.2 2.1
3.2 6.2
6.9 7.2
3.2 3.1

4 35 5.3
6 11 9.8
3 10 0.8
2 4 5.0
9 12 9.8
34 37 5.3
7 20 2.4
2 27 4.9
29 36 8.4
14 28 5.3
3 24 2.6
15 18 2.4
37 41 4.5
27 31 2.0
8 9 1.8
30 39 6.5
16 37 7.7
7 35 2.8
5 32 9.7
11 17 5.6
13 37 0.7
4 26 2.3
6 14 0.8
4 5 2.7
1 2 8.5
19 25 8.0
4 6 0.6
7 39 4.8
5 7 2.6
20 37 0.3
38 42 0.9
7 22 6.9
1 8 3.7
1 34 1.6
3 16 1.0
36 41 0.6
27 42 8.0
10 18 9.8
6 40 1.9
11 12 0.3
7 41 7.2
14 31 1.2
9 41 7.3
32 37 9.3
39 40 0.6
37 42 2.4
7 13 2.7
30 31 5.4
7 19 3.1
5 27 6.3
1 28 2.9
18 36 5.0
1 15 7.5
29 34 7.8
8 35 4.0
18 25 1.6
6 32 7.8
9 19 2.4
22 25 9.5
21 22 6.0
25 36 0.7
8 29 2.0
2 5 2.4
6 17 2.8
7 21 6.8
18 38 7.5
8 11 2.7
30 35 6.8
24 33 8.0
8 28 7.8
13 29 2.2
17 23 5.3
15 39 1.6
24 39 9.4
20 24 6.9
19 21 5.6
19 33 8.8
15 30 5.6
37 39 1.5
7 9 2.3
11 16 2.1
1 12 6.7
16 36 8.9
1 10 1.9
