7.0 3.3
6.9 5.8
0.8 4.4
6.9 9.1
8.4 0.4
2.4 0.2
8.5 7.4
9.5 2.8
3.7 3.7
2.1 3.1
4.9 2.8
5.3 8.9
9.0 2.0
3.8 0.1
5.4 5.6
1.5 8.0
5.4 1.3
8.4 0.2
1.7 8.2
*1.1 1.1
4.5 7.8
3.1 7.7
9.1 6.9
7.3 2.5
1.1 6.3
5.2 9.5
1.3 4.6
9.1 8.7
7.5 1.6
8.9 1.4
10.0 5.4
3.8 7.7
7.6 2.8
8.3 7.4
5.5 5.5
4.1 8.6
8.7 6.5
3.7 7.6
8.8 7.7
2.9 8.7
0.3 6.9
0.6 1.6

23 25 9.4
3 5 4.9
1 28 7.7
39 41 8.3
12 23 1.2
16 22 4.9
14 21 8.0
18 25 9.6
6 16 8.1
22 27 4.8
4 7 6.1
2 9 3.4
11 29 3.4
18 36 7.3
19 30 6.4
1 29 7.5
5 22 7.0
12 22 2.8
21 24 0.9
11 17 0.5
17 26 9.7
5 8 6.1
13 33 6.5
23 31 7.2
23 35 2.1
10 17 8.7
2 26 5.1
2 19 4.0
6 39 7.6
1 8 3.7
3 31 6.9
31 39 3.4
1 17 4.3
23 32 4.7
27 28 2.1
5 37 3.8
2 35 7.9
20 39 0.5
10 18 7.4
7 16 2.1
3 39 0.7
9 26 3.9
7 36 9.9
2 20 6.2
13 21 9.1
11 14 10.0
34 41 1.1
1 15 7.0
1 26 6.6
19 26 5.7
1 20 8.1
17 24 0.3
12 30 9.6
7 15 8.7
4 31 8.7
11 13 4.0
12 35 4.8
18 35 5.7
17 36 1.2
24 32 3.1
2 12 10.0
13 30 8.0
20 35 5.2
20 25 4.2
25 39 4.4
4 6 6.1
2 22 6.9
14 34 5.6
2 4 4.6
15 27 1.3
22 42 2.6
17 39 9.8
9 40 3.7
19 35 2.6
2 3 2.5
2 38 3.9
2 11 7.8
2 25 8.0
7 10 5.2
6 25 5.7
20 33 5.7
4 5 8.9
33 40 6.3
5 32 9.0
