5.0 7.6
1.9 9.0
3.7 3.1
9.7 2.1
4.7 5.8
8.9 6.8
9.8 3.0
2.5 1.6
6.3 1.2
0.0 6.0
2.6 0.9
*10.0 1.8
3.6 1.7
8.6 7.8
9.2 8.7
1.0 5.2
7.3 9.3
8.7 3.1
7.3 2.3
8.8 3.2
5.0 6.9
9.4 9.0
6.1 2.0
1.6 1.6
5.2 8.1
4.1 5.9
9.6 1.2
7.6 2.1
6.8 8.1
1.1 9.2
4.5 9.0
2.9 3.5
1.0 1.7
7.8 0.5
9.2 2.0
3.3 9.8
3.0 5.1
5.2 1.1
3.8 2.4
0.8 3.3
8.1 4.3
8.8 2.2

19 20 6.0
2 11 4.2
31 37 4.0
18 28 8.2
26 30 4.9
9 10 9.7
26 33 5.3
17 28 1.8
24 35 3.2
16 24 2.1
10 35 5.8
3 25 3.2
22 30 6.1
6 23 1.8
4 5 1.9
18 22 1.6
5 27 3.0
8 42 0.3
7 16 1.7
7 42 9.8
8 18 2.4
20 39 7.9
4 9 5.4
12 31 4.0
17 32 1.9
21 31 1.1
5 9 5.6
6 38 5.3
1 7 9.2
7 28 4.1
22 35 0.2
7 32 4.6
4 39 1.2
15 35 7.1
18 32 8.9
15 17 7.9
6 26 9.6
6 31 4.3
13 21 7.1
14 34 3.1
4 17 6.4
35 36 9.4
2 4 3.8
2 34 0.5
23 35 2.2
27 35 2.8
9 21 9.0
4 6 9.3
1 12 8.5
11 25 3.5
1 23 8.5
1 4 4.5
9 16 9.7
2 3 2.9
7 12 1.8
2 23 6.6
1 2 0.5
37 38 2.0
21 26 5.4
3 37 5.0
14 15 3.0
39 42 2.8
6 20 7.8
17 29 1.8
11 27 2.9
9 34 7.5
15 42 1.9
24 40 5.8
21 28 7.8
12 20 7.0
4 10 9.4
9 37 4.7
23 24 6.3
8 41 3.8
7 8 2.1
5 40 7.2
14 38 3.3
1 3 9.9
14 24 1.3
29 36 4.9
6 30 5.0
4 13 7.2
2 14 4.5
15 19 3.8
