0.3 8.4
5.1 7.1
0.6 9.0
8.4 3.2
7.2 8.8
1.2 7.3
10.0 2.1
7.1 9.1
*5.9 6.5
3.7 3.0
5.9 7.3
3.4 6.3
8.5 2.8
0.7 7.4
0.5 1.3
9.1 7.4
4.8 7.7
5.2 4.3
1.7 0.6
7.6 2.0
8.6 2.9
9.2 4.7
3.7 2.1
5.6 6.3
0.6 1.9
3.8 8.3
1.6 1.4
8.7 8.7
8.5 5.7
8.7 0.8

2 6 7.9
2 5 9.1
12 28 9.7
17 26 5.6
5 13 7.7
9 21 3.2
5 24 5.3
11 22 7.4
11 14 2.4
1 9 9.6
29 30 0.2
19 22 9.5
11 24 4.9
2 19 7.9
5 25 2.7
9 29 1.0
4 11 9.8
7 11 1.3
2 18 0.6
16 18 3.4
1 10 3.4
14 28 8.5
1 20 7.5
2 3 6.0
28 29 0.5
5 7 1.3
11 16 1.5
3 13 6.5
17 25 4.5
11 27 8.9
4 9 9.7
7 21 5.9
5 26 6.7
9 11 5.6
20 29 5.1
10 18 3.2
8 27 3.4
11 26 4.2
2 28 4.0
3 8 6.0
8 25 0.3
7 17 3.8
20 26 0.7
6 15 8.7
24 29 0.4
3 22 5.0
2 20 7.6
4 14 1.4
7 29 5.4
4 13 2.0
7 10 2.1
6 19 6.8
7 20 5.1
1 23 10.0
4 30 7.1
6 22 3.6
21 30 4.5
1 2 5.2
9 12 5.3
11 23 6.4
