0.8 7.9
1.3 7.1
9.0 5.0
9.0 1.6
0.4 9.7
4.5 1.9
9.1 0.5
8.4 9.6
2.5 2.1
2.6 8.2
0.2 9.2
0.7 3.9
0.6 3.5
4.0 4.1
0.6 1.1
3.6 7.3
2.7 7.6
0.7 4.7
8.6 1.4
2.7 5.5
6.3 8.1
6.4 6.5
9.2 6.9
2.0 7.2
7.4 6.3
*5.2 1.5
8.2 4.5
0.6 0.5
0.9 9.8
9.2 2.4

2 14 0.6
11 16 8.3
11 24 5.2
2 4 4.4
8 26 4.4
2 9 2.9
10 11 7.4
6 24 7.8
24 30 2.2
12 24 4.2
22 24 0.4
4 6 6.2
2 20 3.7
10 16 10.0
8 12 5.2
18 24 6.2
13 24 3.0
1 26 9.1
5 18 0.5
17 23 0.6
21 26 4.2
2 15 7.5
27 28 6.2
11 19 3.8
14 26 2.3
1 24 0.1
24 26 10.0
3 25 6.9
7 10 4.8
23 27 5.1
15 24 5.2
11 27 6.5
1 12 2.9
3 26 1.3
22 27 8.4
16 22 6.3
14 19 6.4
3 17 1.3
2 5 7.1
10 26 5.8
6 27 8.6
10 18 5.1
21 27 7.4
2 22 7.9
3 19 9.7
14 29 8.5
1 14 6.4
2 17 3.1
2 26 9.2
17 25 0.9
19 24 9.6
11 13 8.1
11 23 4.7
13 25 9.2
2 7 7.7
10 12 1.6
5 17 1.7
27 30 5.2
14 20 2.9
16 19 4.4
