1.9 1.6
5.4 5.0
5.5 6.7
2.6 4.9
4.8 0.3
9.2 6.4
0.6 9.1
3.1 3.0
*1.4 9.1
2.1 3.0
1.0 9.5
2.1 7.9
0.3 3.3
4.7 7.9
3.0 5.9
4.5 6.0
0.9 1.2
7.8 8.3
4.7 5.7
3.2 0.2
6.1 6.1
3.4 2.9
5.1 2.8
5.2 9.0
4.9 2.8
10.0 4.7
2.6 7.3
9.4 6.8
0.8 4.7
3.4 5.6

16 24 2.8
2 9 0.3
6 9 3.5
7 21 2.9
9 15 9.8
9 18 7.7
21 27 6.6
19 25 6.3
5 22 7.5
16 22 1.9
22 24 3.9
8 18 6.6
1 3 9.2
13 27 2.5
3 16 2.1
1 21 7.6
23 26 7.4
6 16 6.6
5 29 3.4
6 11 0.9
9 26 8.2
6 29 2.8
6 30 4.8
4 9 5.2
5 12 2.9
2 11 3.7
20 25 5.1
16 30 1.5
5 27 2.4
10 17 0.3
8 25 7.4
9 11 3.1
5 23 1.6
2 6 0.1
1 10 1.1
19 22 9.1
12 13 2.2
7 19 1.2
1 9 2.2
12 24 4.8
10 25 3.9
3 15 5.0
7 25 2.7
7 9 7.5
17 19 8.5
1 20 2.6
5 9 0.8
2 23 5.3
12 22 3.8
2 5 4.2
10 16 3.3
25 29 5.5
15 28 4.4
13 23 2.2
19 20 8.4
6 22 3.1
4 8 1.2
2 14 1.5
23 24 5.4
11 22 9.5
