8.4 4.1
1.2 9.2
8.6 0.5
4.6 1.6
1.8 7.2
5.0 8.1
*6.7 0.2
5.9 4.1
4.6 3.0
2.0 4.3
0.4 6.2
3.3 2.6
1.2 9.8
7.3 1.5
5.9 0.5
8.7 2.8
4.8 3.2
1.3 1.3
1.4 8.9
7.5 1.5
4.6 9.5
3.9 5.5
2.2 3.1
5.7 7.9
2.2 5.8
9.5 3.6
3.1 1.8
2.4 4.4
0.3 3.3
6.7 8.7

11 12 2.3
9 23 10.0
11 14 4.7
8 16 7.2
3 19 2.0
1 6 2.2
13 29 9.0
15 17 2.8
5 12 4.1
8 9 9.4
2 7 3.7
4 11 0.5
8 18 2.0
10 22 0.8
4 12 8.5
9 11 1.0
1 28 4.7
4 15 5.1
1 13 9.6
6 28 3.1
2 21 2.1
13 14 1.6
14 23 9.8
2 3 3.9
8 15 2.4
3 18 7.4
17 20 6.1
6 22 4.2
21 27 7.2
11 20 7.0
6 10 3.5
4 6 9.7
2 4 7.0
23 30 0.4
21 22 5.9
19 27 3.2
11 19 8.2
6 16 5.1
14 15 6.7
25 27 2.5
2 8 1.0
18 22 0.9
3 20 0.2
7 13 0.2
1 16 0.3
4 23 6.5
7 10 7.4
7 12 4.4
9 19 2.3
22 25 3.4
4 14 3.6
4 8 4.4
10 30 6.4
10 26 0.1
15 21 1.3
20 21 9.1
3 5 3.6
1 7 1.1
4 26 5.5
7 24 8.4
