2.0 0.2
4.7 4.9
3.0 1.2
2.5 3.0
0.9 1.8
1.9 9.6
*2.5 0.2
6.9 9.1
3.6 5.5
3.3 7.9
6.7 3.7
1.9 0.9
1.4 8.1
1.6 9.2
0.9 3.8
7.3 7.5
4.2 5.0
0.3 7.6
2.6 6.0
5.4 8.0
0.3 8.9
9.0 6.8
2.0 7.4
5.5 0.3
7.7 8.5
7.5 4.7
6.1 6.9
8.4 0.7
1.1 2.5
8.2 6.9

3 9 1.9
8 19 5.6
2 8 5.7
15 21 5.5
13 16 1.3
1 17 2.1
10 17 3.0
14 17 2.6
20 30 3.6
6 25 7.2
5 14 9.0
8 10 0.5
2 24 6.4
14 29 5.4
9 13 7.2
6 26 6.5
3 6 6.7
12 22 1.9
18 19 8.7
16 18 0.9
27 30 9.9
10 14 5.9
2 12 4.6
2 7 4.8
1 28 9.6
5 30 9.1
16 25 9.1
1 4 1.5
7 15 6.8
7 17 1.8
11 18 1.4
5 26 5.9
29 30 0.5
1 5 4.1
14 18 7.8
11 30 4.4
11 19 5.5
11 27 9.0
10 11 2.3
2 14 0.3
1 9 1.8
4 7 9.6
4 19 9.3
21 29 6.0
12 23 6.1
9 14 3.8
23 27 1.8
7 29 8.6
4 26 0.4
17 20 3.1
20 21 2.4
12 21 0.1
15 22 6.6
6 9 1.9
24 26 9.2
2 22 2.5
1 3 7.0
28 29 0.2
10 23 8.2
1 7 6.6
