6.8 2.2
2.2 9.2
3.1 0.3
1.5 7.7
1.6 5.5
9.9 5.2
4.7 3.4
4.0 5.7
7.4 4.4
0.6 3.6
8.8 5.7
6.6 7.0
2.3 4.4
9.3 8.3
6.3 8.6
7.4 2.0
5.5 3.7
1.1 7.8
5.4 6.1
0.6 3.6
6.1 7.3
9.7 5.4
*5.7 6.4
7.1 0.6
3.7 9.5
6.7 2.4
1.1 3.5
1.9 6.4
1.4 3.2
3.4 1.0

8 17 0.5
18 19 9.7
9 18 0.8
4 28 8.2
3 30 3.8
22 25 5.5
4 27 5.7
14 29 6.1
3 9 8.4
1 23 9.3
5 13 9.4
7 22 6.5
2 7 10.0
22 27 4.7
2 4 6.3
4 6 3.7
23 29 9.4
6 10 7.5
5 26 9.1
17 20 3.8
4 15 0.1
7 16 4.7
1 15 9.1
2 28 3.8
5 18 4.3
1 7 4.8
8 12 1.8
16 30 9.6
7 13 1.7
1 20 1.9
11 20 1.0
5 23 6.4
1 26 5.3
1 11 3.6
9 26 7.7
15 20 7.1
2 23 6.8
15 21 3.2
9 24 3.4
3 23 6.6
6 9 9.9
11 18 7.6
19 21 0.5
15 17 2.2
3 8 6.5
10 14 9.2
27 28 4.8
4 16 2.8
1 2 8.6
18 28 3.0
18 20 6.9
8 15 8.1
7 15 4.5
4 5 0.6
10 21 1.1
13 17 5.5
2 30 6.7
24 28 3.5
14 22 3.8
6 24 6.2
