8.0 2.3
6.4 2.9
4.7 5.0
8.1 1.4
3.2 1.4
*8.0 0.4
1.1 7.0
8.7 2.0
6.7 8.4
7.7 0.3
2.3 0.3
8.1 9.7
5.5 3.6
5.4 1.3
1.2 1.4
7.7 4.8
1.9 9.8
4.4 4.0
5.0 2.0
0.2 6.7
4.2 7.8
1.5 6.9
5.4 6.7
6.9 8.3
7.9 7.3
4.6 5.2
8.1 5.2
7.5 2.5
0.9 7.4
3.0 0.6

15 17 4.2
10 14 4.7
6 15 6.2
8 21 8.4
18 30 3.4
2 11 8.2
1 26 0.9
8 22 8.2
8 9 2.9
6 9 3.4
2 10 3.9
19 24 8.6
20 29 1.1
19 23 4.2
3 24 3.1
1 6 7.1
1 27 5.6
1 7 8.9
11 30 5.1
9 29 7.0
3 17 7.5
5 16 1.8
20 24 8.7
1 3 4.1
16 30 2.8
12 19 0.8
1 25 9.7
18 25 4.2
4 16 5.5
9 21 7.4
16 17 8.1
7 25 5.4
26 28 2.9
6 18 2.8
1 5 1.2
11 16 3.3
6 29 1.9
10 28 5.5
13 17 9.8
6 13 8.5
17 19 0.9
1 2 8.4
10 22 6.7
4 8 0.5
4 21 1.4
17 24 9.1
3 4 7.1
6 14 6.5
20 28 1.0
16 23 6.2
3 20 7.5
5 19 1.8
17 22 8.9
21 24 4.3
20 26 0.1
9 26 7.8
6 7 7.8
4 24 6.4
14 30 8.9
2 12 0.6
