4.5 8.7
9.9 2.2
8.6 2.5
8.0 8.3
2.4 2.0
9.2 6.3
8.7 2.7
2.3 8.0
5.9 7.0
4.7 1.3
2.1 2.4
7.9 6.0
8.0 10.0
0.7 2.2
0.7 1.4
7.2 8.5
10.0 9.1
5.9 3.5
8.2 6.3
*4.3 2.3
0.6 5.2
4.1 1.0
0.5 9.3
6.8 8.3
1.6 1.6
5.1 2.8
2.1 4.5
7.1 6.1
8.1 3.2
7.5 2.3

12 30 3.0
2 3 3.7
1 4 7.4
10 28 6.7
6 10 1.1
5 9 1.5
15 18 7.3
16 21 8.8
2 17 1.7
8 11 2.0
9 15 7.4
3 28 1.0
6 22 4.6
4 22 5.6
23 26 1.8
3 10 2.4
10 12 8.1
1 8 8.5
10 13 2.1
11 20 0.7
22 28 5.2
1 6 5.5
4 17 6.2
1 20 1.4
8 22 7.5
2 14 0.4
19 20 8.2
3 9 2.1
3 18 6.8
23 25 3.5
7 22 0.3
1 16 3.4
3 14 9.4
5 7 5.0
19 30 6.5
2 11 8.9
14 16 4.9
16 29 7.7
9 19 8.5
1 2 5.4
24 26 4.3
12 24 4.8
6 29 3.6
8 9 9.8
19 28 7.9
9 22 4.3
19 25 4.3
15 16 9.6
18 26 9.7
18 29 9.9
5 16 2.3
4 5 0.6
2 27 0.2
12 21 8.9
3 7 5.4
16 20 3.2
9 13 2.2
5 8 4.1
1 22 2.5
9 23 4.0
