4.4 6.7
0.3 7.8
7.7 8.2
0.3 4.2
9.6 3.3
5.3 2.8
0.3 4.9
8.0 1.1
2.6 0.7
4.1 5.8
*8.4 6.7
4.4 6.6
1.1 1.0
8.3 6.3
7.9 6.7
1.3 5.9
0.6 3.6
6.6 7.1
0.9 2.7
2.3 4.4
1.9 10.0
9.6 6.3
6.2 2.3
5.5 7.1
8.4 6.6
4.8 6.8
5.2 0.4
5.0 8.3
6.9 2.3
1.4 7.7

16 30 7.9
1 12 5.1
9 27 6.4
3 14 9.2
15 16 5.6
15 22 1.4
6 11 8.6
3 5 5.7
7 9 9.2
3 12 8.0
1 11 0.7
6 14 0.8
15 18 3.0
10 18 8.2
14 16 5.4
4 15 8.9
5 13 4.0
6 28 5.9
6 17 9.5
6 27 6.1
11 15 8.3
18 20 2.7
16 21 9.1
1 3 0.9
4 6 4.3
15 25 3.8
9 10 4.4
22 25 0.6
23 24 2.5
3 7 8.7
5 8 3.2
2 4 9.6
5 14 8.0
10 29 8.6
18 21 1.1
9 17 6.9
13 22 8.7
6 29 1.4
6 9 5.8
15 27 5.8
11 14 0.5
1 2 5.1
8 12 4.2
2 6 5.9
3 26 4.1
5 10 6.7
8 24 5.9
22 26 1.5
5 18 4.7
1 24 7.9
17 19 4.2
2 21 7.5
4 18 5.1
5 11 4.7
2 26 5.7
12 15 4.9
10 12 1.1
17 20 9.8
2 23 6.2
22 24 7.8
