6.7 6.0
5.2 5.3
1.5 3.2
3.9 9.0
3.9 8.2
5.7 1.4
2.0 4.8
0.8 8.3
7.4 3.2
1.2 4.4
6.8 0.6
8.9 3.0
5.8 9.2
5.2 5.0
2.2 2.5
5.6 3.6
3.7 2.3
8.0 6.3
3.6 4.0
6.5 5.1
0.7 9.6
8.5 6.5
0.7 2.6
3.1 7.8
0.9 1.7
6.9 4.1
6.7 5.4
1.2 6.0
7.6 2.6
*7.5 0.6

1 5 1.0
4 13 5.3
6 9 1.8
12 17 6.8
1 19 4.4
2 24 8.0
11 26 7.3
2 3 3.6
12 13 2.8
19 26 1.4
4 29 6.0
9 12 5.4
13 20 9.0
1 25 5.9
8 10 6.5
1 6 7.9
2 30 5.7
19 29 8.5
1 30 0.9
17 18 0.7
1 4 2.4
8 19 5.2
20 28 4.6
8 30 3.4
10 28 5.2
25 27 3.0
1 13 6.1
15 26 8.4
4 17 0.6
25 26 5.3
12 14 3.8
10 24 2.3
9 27 6.5
16 28 3.7
20 22 7.0
5 10 4.0
5 16 4.7
2 18 4.9
15 24 7.4
1 23 1.1
7 11 1.1
4 7 9.1
10 21 5.5
1 14 5.5
1 2 3.6
9 30 5.8
9 16 4.4
2 10 7.0
8 9 9.2
19 22 4.0
5 6 5.2
4 14 8.6
4 8 4.6
14 20 5.0
19 30 8.3
6 29 5.7
8 20 1.7
14 30 3.2
8 15 3.0
1 9 5.0
