7.6 4.7
6.8 1.7
5.5 1.7
7.5 1.9
6.9 6.8
3.7 6.0
5.0 4.1
4.6 8.9
*3.3 6.7
2.0 3.5
4.0 3.8
5.6 7.6
4.1 2.0
0.8 8.1
9.9 1.7
8.4 1.6
2.0 0.3
6.9 2.6
0.1 8.4
5.9 0.4
2.8 3.6
5.3 1.5
5.7 0.1
6.2 8.9
5.4 0.3
5.1 9.2
6.8 0.3
1.1 3.0
0.8 6.5
5.9 4.7

5 22 9.6
20 23 1.5
8 30 5.1
1 29 1.0
4 29 4.3
16 25 4.6
2 27 5.1
22 25 4.2
3 22 3.6
1 2 8.0
15 29 9.3
7 13 2.7
4 5 1.3
9 15 0.4
4 23 6.4
6 10 6.2
12 26 9.9
9 17 1.2
21 24 0.5
4 17 1.5
7 28 4.8
25 26 6.1
5 15 5.9
3 4 3.6
2 20 5.6
6 17 2.7
7 16 6.6
18 21 0.3
10 11 0.3
9 11 1.9
1 10 2.0
22 23 7.8
10 28 1.2
16 22 3.4
14 21 8.5
10 13 6.6
12 19 5.3
9 26 6.1
19 30 9.5
6 9 5.8
6 19 3.4
3 8 1.3
12 20 2.1
18 22 0.4
5 20 2.4
8 27 0.9
1 7 8.8
1 9 4.4
3 24 8.7
20 30 7.7
1 3 0.2
1 14 1.6
1 18 6.8
11 21 2.4
2 24 4.9
3 16 8.4
1 15 0.4
3 28 7.2
4 12 9.7
11 13 0.5
