2.1 1.6
*3.5 7.8
7.0 1.0
2.7 3.7
4.8 6.3
8.2 6.0
0.1 2.6
8.1 1.7
9.6 10.0
5.6 0.3
4.7 0.1
8.9 0.5
3.2 2.6
9.5 6.5
0.5 8.0
4.6 3.4
4.1 4.0
3.3 3.2
2.6 3.9
6.1 5.1
3.5 8.9
6.6 0.9
10.0 8.3
2.6 1.6
6.4 1.3
8.4 9.6
0.9 3.6
0.3 1.3
4.8 3.2
5.5 5.4

16 18 3.1
2 6 2.1
8 24 2.7
21 24 1.8
7 14 1.2
1 5 7.5
2 13 8.8
16 19 6.8
1 24 8.7
9 26 2.2
10 21 3.2
10 11 5.2
6 17 6.7
11 22 1.2
2 12 7.3
3 12 8.5
5 9 6.2
26 27 1.9
7 17 5.9
2 3 0.5
5 12 6.3
5 13 0.2
21 22 2.4
7 18 8.0
10 23 6.7
22 28 9.0
12 19 0.8
5 7 0.9
3 18 7.6
1 18 8.6
7 15 3.8
1 19 2.8
16 23 6.4
10 30 7.6
11 30 3.4
6 22 6.4
5 8 5.1
16 22 6.8
9 12 2.0
6 20 1.5
18 20 8.2
4 7 6.1
15 21 4.8
19 24 0.8
5 29 9.4
6 11 5.8
9 17 6.2
5 23 5.1
1 2 9.8
14 25 2.9
12 18 6.6
24 26 1.3
2 4 0.5
3 16 3.6
17 27 2.6
2 10 8.6
27 28 1.7
1 14 0.2
27 29 3.2
20 27 6.1
