1.4 8.2
2.9 0.7
2.2 9.3
4.7 8.3
0.3 3.5
4.2 4.7
3.0 9.6
9.1 0.4
0.6 9.8
8.4 7.8
1.1 2.0
1.7 4.8
1.9 1.8
9.9 1.8
3.6 7.8
1.6 6.0
7.8 5.4
6.4 3.4
6.7 7.8
5.9 0.2
5.5 2.1
7.7 9.0
*0.5 5.5
6.9 8.5
3.8 8.0
7.9 7.9
5.7 4.6
1.3 0.3
7.7 0.3
4.3 1.1

6 20 6.5
11 12 0.7
15 23 6.0
1 6 3.0
11 30 4.5
19 23 2.0
9 15 9.2
13 19 6.9
25 28 1.3
3 7 9.7
14 25 6.7
20 24 3.8
18 25 9.0
8 12 3.1
7 27 1.3
5 18 5.4
8 11 8.8
4 23 2.9
1 17 8.3
28 30 4.2
5 27 4.1
3 18 3.0
12 25 7.4
16 23 3.8
7 13 4.9
8 15 5.5
5 16 4.4
23 28 3.0
13 24 9.3
11 24 5.0
7 21 3.7
2 27 2.7
27 29 2.6
2 9 3.2
18 20 1.8
1 5 2.2
19 29 6.1
17 21 8.4
3 23 1.5
10 12 3.3
1 23 6.6
3 22 2.5
17 26 6.4
3 26 7.9
14 18 9.7
2 23 6.9
15 27 4.5
5 8 3.0
20 21 8.2
27 28 5.2
2 3 1.1
22 25 3.4
4 30 4.9
9 23 0.7
18 26 7.4
11 14 6.3
3 4 5.5
5 26 3.8
10 23 0.3
14 17 9.0
