7.6 2.7
0.9 0.5
3.5 7.0
3.1 1.7
8.8 0.6
4.9 0.2
4.1 7.0
6.7 2.2
0.4 5.6
4.0 1.5
2.1 7.6
3.0 9.9
7.1 9.1
*1.0 7.3
7.1 3.3
6.9 6.7
9.6 8.0
9.1 4.1
9.2 2.6
9.8 5.5
9.5 4.2
3.8 1.1
2.2 2.0
5.9 5.7
3.8 5.3
0.9 9.6
1.2 3.6
0.8 5.1
5.1 6.8
8.9 0.5

1 9 2.4
17 25 0.3
8 21 8.9
9 25 10.0
2 24 8.0
10 13 1.3
14 27 6.7
2 18 6.7
1 6 7.4
4 21 8.7
4 12 0.8
9 14 8.9
3 11 9.2
14 29 8.1
19 21 1.9
20 29 6.2
24 29 4.8
7 16 9.1
14 24 7.0
2 25 1.2
18 28 6.2
11 23 2.7
3 24 2.1
16 26 9.3
11 26 8.7
16 25 1.5
9 22 0.1
8 25 8.0
9 10 0.3
6 19 4.9
10 30 0.3
4 18 4.0
2 14 7.7
14 20 7.9
15 21 4.3
3 30 9.8
19 29 3.6
2 19 3.7
5 17 9.5
5 18 8.7
7 18 8.6
22 29 9.3
2 29 5.0
1 14 1.6
7 12 0.9
19 23 2.7
17 23 4.1
3 7 0.6
3 8 6.8
4 13 2.4
5 14 3.7
22 30 0.2
4 15 2.4
1 4 1.8
10 16 8.3
3 14 4.3
3 21 3.4
13 28 8.8
21 27 4.2
26 27 6.1
