9.8 9.7
2.4 8.3
3.5 4.6
8.4 1.2
7.2 3.6
9.3 2.3
2.3 5.7
8.4 9.8
5.8 2.5
*7.7 4.4
4.0 0.5
9.8 2.2
3.7 4.0
3.4 3.2
3.5 5.3
4.9 6.3
9.8 9.6
0.3 9.4
4.4 3.8
6.8 2.3
4.0 6.4
7.8 9.4
6.4 8.1
7.6 4.2
0.0 4.4
5.6 4.1
3.7 5.2
1.0 4.1
2.4 4.3
6.1 7.1

12 18 7.0
8 19 8.9
24 28 2.2
11 29 8.3
24 26 2.0
15 19 2.5
13 26 3.7
3 5 3.4
16 27 9.5
3 7 5.7
21 24 7.9
1 30 5.7
7 14 0.3
7 15 6.0
7 8 8.9
4 21 8.7
22 26 7.1
3 10 6.4
6 22 6.3
15 20 9.0
9 15 6.3
22 28 9.5
23 25 5.9
9 10 2.7
6 13 1.3
4 27 4.2
26 28 8.3
14 23 9.2
11 23 0.5
9 16 7.3
2 27 7.4
14 18 8.1
1 10 8.7
1 14 7.6
11 21 5.7
7 16 4.0
4 19 8.6
5 11 2.6
15 21 8.9
9 14 3.4
12 25 6.1
6 28 2.1
10 17 1.6
2 7 0.9
18 30 7.5
5 6 3.0
10 11 10.0
7 10 4.9
8 12 6.9
9 11 5.7
4 10 2.7
7 23 9.3
4 13 8.7
3 15 9.4
2 10 5.1
6 15 5.3
9 13 1.3
25 30 9.3
8 27 7.2
19 30 8.7
