1.6 3.3
7.1 1.5
5.4 0.8
1.8 3.8
5.5 8.8
6.4 1.5
9.1 1.7
6.4 6.2
1.5 2.2
3.3 3.7
1.1 7.2
8.4 5.2
6.8 3.5
4.6 4.0
*0.6 1.7
2.3 3.1
7.4 7.1
0.1 9.9
9.5 4.2
2.1 0.3
6.9 8.0
5.6 4.5
4.1 6.0
7.5 3.7
5.7 1.2
7.6 3.1
5.9 8.9
0.1 5.4
6.7 1.5
8.2 3.7

15 25 3.1
10 11 6.5
3 30 3.3
12 26 6.8
5 7 5.4
5 20 5.4
1 12 9.8
7 26 6.2
21 29 0.8
4 5 1.4
9 21 3.6
6 25 7.7
14 20 3.7
27 30 8.3
16 19 0.8
14 22 6.6
12 24 6.6
2 3 9.0
15 29 1.8
13 20 7.6
17 18 0.2
8 21 7.9
12 23 7.4
6 7 4.2
10 12 6.0
13 15 5.2
11 16 1.4
4 14 9.4
6 9 2.4
4 17 8.9
8 30 2.5
4 6 9.0
11 22 2.8
1 15 3.6
4 15 5.7
10 24 1.0
3 7 6.9
6 21 9.7
10 28 2.0
20 27 0.9
10 23 3.4
5 10 3.7
14 18 9.2
21 24 3.2
5 18 2.0
3 4 7.1
24 26 6.5
7 21 2.1
23 28 2.4
3 14 5.9
25 26 3.0
1 2 9.0
6 29 6.5
9 18 3.3
4 19 4.1
23 26 7.5
6 11 10.0
4 8 1.2
4 24 9.1
7 29 2.2
