1.3 1.7
2.2 5.1
7.0 4.2
6.2 2.5
9.3 1.2
9.2 8.5
6.9 4.2
6.3 4.3
5.7 3.7
5.8 6.6
3.1 9.8
9.1 9.1
*2.0 5.9
5.6 5.5
0.8 9.4
2.9 1.8
4.2 1.4
5.5 7.1
3.0 4.4
0.6 0.0
8.6 5.4
9.0 9.3
7.7 7.0
5.0 2.8
6.2 4.2
5.0 6.3
9.1 0.4
4.0 2.4
8.7 3.6
5.1 1.4

2 6 7.6
19 23 0.9
6 9 3.0
21 29 5.0
1 13 6.8
25 28 3.4
7 12 0.7
15 25 9.0
8 11 8.3
3 5 4.1
20 25 5.0
9 22 2.9
6 19 3.7
17 29 5.2
18 27 9.5
8 25 9.7
24 29 3.6
1 2 2.8
10 12 6.0
2 14 7.9
5 7 1.7
9 21 4.4
1 3 3.3
11 13 2.9
15 21 7.0
10 16 5.6
25 30 0.2
9 29 4.3
22 28 3.3
12 26 3.2
6 13 3.8
8 27 3.9
3 23 5.3
3 8 9.3
3 4 1.3
24 26 5.6
2 23 4.2
5 16 8.2
4 6 3.4
12 15 8.1
2 13 7.8
10 27 5.7
15 24 1.2
23 28 5.0
8 20 9.5
18 28 7.8
20 24 6.5
3 13 4.2
16 17 3.9
11 30 8.2
5 12 8.6
9 10 5.3
10 18 2.2
8 28 1.9
18 30 7.3
3 19 4.9
4 9 5.3
6 18 6.0
5 22 6.1
5 10 9.2
