2.3 8.0
6.1 2.1
3.1 4.1
9.6 1.8
2.2 8.6
*0.4 4.4
0.9 8.8
7.9 5.4
7.0 0.8
7.7 0.7
3.9 1.9
8.1 3.1
5.2 8.8
9.1 9.4
0.7 9.2
4.9 8.1
6.5 8.6
3.7 5.4
2.0 3.3
8.8 4.1
0.3 7.7
9.8 9.7
1.3 1.9
3.9 8.4
8.7 9.7
5.1 3.3
7.6 3.5
4.1 2.0
6.1 0.1
3.3 2.4

27 28 5.5
13 25 4.6
6 14 3.8
1 6 9.0
1 2 1.2
5 15 6.1
2 9 7.2
17 22 7.9
1 22 2.3
5 27 7.9
11 12 1.9
6 9 4.1
5 23 6.8
2 30 5.7
26 29 8.5
15 21 9.1
10 24 7.7
23 30 3.0
5 13 3.7
14 24 1.5
2 8 7.8
9 24 2.3
19 24 3.4
4 17 8.4
1 7 2.2
24 26 6.7
8 18 3.1
1 14 7.4
3 16 6.1
20 24 1.0
7 19 3.4
1 3 8.2
5 11 4.4
1 12 2.9
13 20 6.6
2 27 8.8
22 29 5.9
11 18 4.3
16 20 2.4
18 21 1.0
2 4 0.6
13 17 5.7
23 28 3.8
9 21 8.0
7 20 3.2
8 10 6.6
7 8 8.3
4 25 5.4
6 24 9.4
4 26 8.8
2 20 3.8
14 19 4.5
11 15 1.9
16 17 0.9
5 6 2.6
19 25 5.2
1 19 6.5
19 22 8.4
3 26 4.2
9 19 10.0
