3.1 7.9
2.6 9.3
5.4 1.6
2.6 3.1
3.5 5.1
4.2 1.7
8.6 2.1
7.3 3.0
1.8 4.6
4.7 4.3
3.4 7.9
3.2 1.0
8.4 4.1
2.5 10.0
9.1 6.6
9.3 3.8
5.1 3.5
4.8 4.4
5.5 1.6
6.1 5.4
9.1 3.1
4.1 3.5
2.8 1.6
1.1 8.8
4.0 2.3
5.1 2.5
*1.6 1.2
6.4 0.4
10.0 4.5
1.6 9.4

5 11 5.8
14 17 9.2
2 8 6.5
24 28 5.7
7 16 4.6
1 3 8.1
10 13 9.7
13 15 3.2
13 26 3.7
13 30 6.1
23 27 2.9
10 26 9.7
25 30 6.3
9 28 3.4
3 10 4.2
4 23 2.4
10 19 4.3
13 22 3.9
3 14 6.3
4 9 7.8
3 30 1.6
2 27 6.0
1 27 7.8
19 24 6.5
4 20 4.6
7 13 0.9
2 21 0.4
3 17 5.9
18 24 5.9
5 12 4.2
20 25 8.4
1 12 3.8
6 24 7.4
20 21 2.7
3 24 3.9
4 6 0.5
11 25 3.0
2 6 7.5
20 27 2.2
22 29 0.6
1 5 7.4
7 9 6.4
3 27 9.9
4 7 7.7
20 22 3.7
5 15 4.9
2 25 4.2
14 19 6.6
10 25 4.9
4 18 7.0
3 4 2.1
2 7 3.8
5 14 2.8
1 2 6.0
5 21 5.1
6 14 9.7
15 16 4.0
23 29 7.4
22 23 8.7
7 25 3.3
