1.7 4.9
4.4 0.1
0.5 8.0
1.1 7.0
*2.6 6.9
0.0 7.5
7.3 5.5
2.4 9.9
2.9 1.5
5.8 2.1
0.9 4.8
4.6 5.6
0.9 1.0
4.5 7.0
9.3 4.3
3.5 6.0
3.6 1.3
7.2 6.3
3.6 4.3
6.2 3.4
6.0 6.8
8.5 6.6
6.6 2.0
3.0 3.4
2.7 3.3
7.3 4.4
6.8 2.5
2.8 6.5
1.0 4.4
5.6 4.0

6 7 2.2
15 17 9.9
6 9 9.7
1 7 3.2
12 17 8.3
2 4 3.8
1 13 0.3
7 18 2.0
4 12 8.3
1 5 5.3
16 17 5.8
6 13 3.5
17 20 2.5
12 21 7.1
1 26 8.7
2 27 7.3
11 28 2.2
15 29 5.2
6 29 1.1
1 11 10.0
1 27 9.3
1 23 3.8
5 8 4.5
5 6 3.2
20 24 9.1
2 19 6.4
5 28 6.2
9 20 8.1
24 28 9.6
11 30 4.6
2 11 8.1
3 24 3.8
11 29 3.6
25 30 2.0
18 20 6.3
5 19 5.4
3 30 8.6
10 17 6.6
2 5 7.1
16 28 3.6
1 3 6.4
5 15 7.9
6 28 1.7
9 16 2.1
4 23 6.5
12 29 2.9
12 26 9.5
4 10 2.2
8 30 5.8
12 14 5.3
14 16 4.7
17 25 7.9
9 12 9.6
5 24 8.2
11 27 8.5
18 28 4.9
15 27 3.1
3 28 7.7
17 19 9.1
11 22 9.7
