8.4 3.1
9.0 8.8
3.6 0.9
5.0 8.9
4.4 1.9
6.6 3.0
0.4 1.9
5.8 10.0
3.1 1.5
0.5 6.4
7.9 0.6
8.7 5.9
7.1 1.7
6.9 8.4
5.0 5.1
4.5 3.2
4.1 7.5
9.6 6.6
*3.2 1.9
8.3 6.6
9.9 7.6
4.2 5.0
9.1 1.2
5.6 1.1
7.4 5.3
0.0 9.9
3.1 5.9
5.0 2.1
8.3 9.7
5.5 5.4

3 20 5.6
15 24 1.6
2 16 0.2
4 30 5.5
20 27 2.3
19 20 6.0
5 19 0.3
1 3 7.8
10 15 2.2
4 19 1.6
11 24 7.6
18 25 3.9
5 11 0.1
5 27 0.9
7 19 5.9
2 14 9.3
1 22 4.0
26 28 0.9
13 21 9.6
15 17 6.2
4 26 1.9
14 25 9.8
1 19 6.9
9 13 5.8
8 19 3.8
11 12 6.5
2 19 6.4
9 22 7.0
11 21 1.3
6 29 10.0
17 28 4.9
16 21 3.2
7 14 3.2
5 10 1.5
20 28 2.9
14 16 7.4
1 16 3.8
3 6 2.2
2 9 3.5
10 27 9.5
18 23 6.6
6 23 3.0
10 25 7.9
16 22 5.0
12 18 7.7
7 30 0.9
9 24 3.1
20 29 2.7
2 4 8.9
10 28 6.6
4 24 2.9
13 19 3.3
27 28 4.1
14 22 2.6
6 22 8.9
17 25 1.7
13 24 2.3
14 19 1.9
16 29 0.1
5 8 1.7
