2.9 0.1
3.5 0.7
*7.0 0.5
9.6 1.0
0.9 7.6
4.2 7.8
4.1 1.4
6.8 3.0
8.5 6.9
4.9 7.4
3.7 9.9
9.9 8.7
2.1 0.7
2.9 1.4
0.4 7.5
0.6 2.9
3.4 5.3
5.8 0.9
1.1 9.3
0.6 4.7
6.6 1.1
9.1 8.3
3.3 8.8
7.1 0.1
4.9 8.1
0.3 8.9
7.2 8.7
2.4 6.1
2.7 3.6
4.6 1.3

15 17 4.2
9 28 7.3
5 17 8.3
6 11 5.6
6 18 9.7
1 23 4.3
12 30 2.7
4 8 8.7
11 28 5.1
16 21 6.8
15 20 8.1
11 22 7.1
19 23 8.5
16 17 9.9
4 29 3.0
16 27 1.8
17 18 2.4
3 22 5.1
3 5 4.4
1 6 2.1
14 25 8.9
4 10 9.9
10 30 4.8
19 28 6.7
6 28 1.9
18 27 9.2
10 13 6.8
5 14 2.1
1 19 2.9
21 30 3.9
14 22 7.5
24 28 7.2
7 16 9.6
8 27 9.8
1 2 4.5
12 15 10.0
2 9 3.6
7 13 7.7
7 25 7.8
4 26 9.8
10 20 4.8
18 29 2.5
10 25 5.2
7 15 9.9
3 4 7.4
6 13 1.1
2 12 6.6
13 18 7.0
3 8 4.4
2 16 5.0
1 3 5.8
23 25 8.8
15 23 0.1
23 27 0.9
13 21 5.7
22 24 8.6
3 27 5.6
21 29 0.9
6 7 0.5
5 13 8.5
