5.5 1.7
5.6 6.6
4.7 6.2
1.4 0.1
8.1 2.6
7.5 2.4
1.2 6.0
0.1 9.7
7.9 8.4
1.7 8.1
4.8 4.1
8.9 7.0
9.1 5.6
7.0 1.6
3.4 9.5
9.3 5.8
3.1 8.7
5.5 6.8
3.9 6.0
6.8 2.3
2.7 4.7
3.5 1.0
8.4 3.0
2.6 0.7
9.3 3.8
2.0 3.1
1.0 3.5
6.0 3.1
7.0 8.1
8.3 2.0
4.1 4.5
2.5 0.8
1.9 8.1
7.9 2.9
3.6 3.9
7.6 7.8
0.9 4.8
1.0 8.1
9.7 7.5
7.6 0.7
*7.8 6.3
1.5 2.7

18 41 0.4
9 13 6.8
15 19 7.2
2 8 0.4
24 30 5.2
16 35 7.5
4 41 0.2
3 11 9.3
7 11 2.6
34 40 8.1
26 36 0.5
11 17 0.9
12 13 5.4
15 33 9.3
8 11 7.5
24 38 4.6
13 35 8.0
4 6 7.6
3 7 0.2
12 20 2.6
4 9 0.3
13 42 2.9
31 38 6.2
24 25 8.2
22 34 8.5
18 34 3.7
6 28 5.5
16 36 5.9
5 41 7.6
1 41 9.7
8 16 2.8
8 31 1.1
6 26 1.3
18 21 6.6
28 31 1.7
14 36 3.9
1 37 5.9
17 24 6.9
13 28 0.9
5 15 0.3
8 10 6.7
23 25 6.9
10 40 7.6
9 27 1.6
5 25 0.5
21 36 1.0
11 18 0.8
18 22 7.0
24 40 0.6
11 32 6.0
11 12 4.8
15 24 6.0
14 41 1.6
39 42 3.4
14 18 7.3
7 36 3.1
6 23 8.1
21 42 5.1
4 7 6.9
10 17 0.7
25 37 5.4
22 31 8.4
4 42 6.1
41 42 1.0
7 27 4.3
27 32 9.3
15 21 3.3
2 3 9.0
13 33 9.3
33 39 1.7
13 23 2.8
28 34 4.7
10 38 8.1
12 28 6.9
28 29 7.1
4 30 8.4
35 42 6.4
28 40 8.8
1 2 8.4
10 16 1.8
3 9 6.9
6 32 7.9
1 14 2.3
15 29 4.0
