2.0 7.0
3.5 9.3
2.5 3.5
1.4 10.0
*6.0 4.2
6.5 2.2
6.1 9.0
7.7 4.2
5.2 3.9
0.4 8.1
9.5 5.7
7.9 6.3
0.3 0.0
1.1 6.5
6.2 9.2
3.9 1.8
5.0 3.9
8.2 0.3
3.4 3.2
0.8 4.4
2.9 1.9
1.3 9.3
6.6 8.3
1.9 9.8
9.8 4.2
3.3 0.5
7.1 4.4
1.1 9.3
0.4 2.2
5.8 1.8
6.8 0.5
5.0 6.3
3.2 0.9
7.7 4.6
7.0 6.1
8.4 9.8
4.3 7.5
2.8 7.1
0.8 4.4
3.8 7.1
5.8 0.2
7.4 4.9

12 19 9.8
12 28 2.7
5 39 7.9
25 28 6.5
4 12 7.6
1 20 9.1
25 34 9.3
11 22 2.1
3 25 6.3
23 32 8.9
7 9 1.7
8 38 8.4
9 11 4.5
1 2 5.3
12 35 4.0
19 24 3.9
11 16 5.4
6 18 2.8
14 31 4.3
1 4 6.7
13 27 3.7
1 32 6.1
31 36 8.6
30 35 6.0
1 6 6.7
1 11 3.9
27 40 0.2
29 34 7.1
3 33 6.9
1 8 4.3
30 40 2.4
8 13 4.9
6 22 4.3
30 34 4.8
25 27 0.6
6 39 7.5
4 7 3.5
15 29 3.0
14 19 3.9
22 38 6.6
4 20 9.2
2 8 2.5
31 42 4.4
10 15 9.4
6 30 5.7
9 26 0.2
7 23 5.9
39 40 6.3
8 17 10.0
11 35 6.7
27 32 6.5
3 20 5.4
17 30 1.6
14 41 3.5
35 40 4.4
5 18 7.0
27 38 6.5
9 23 8.6
11 24 3.3
22 23 0.6
1 5 7.8
15 27 6.3
12 14 7.9
26 36 2.2
32 37 2.8
9 27 1.2
13 35 2.4
23 33 4.3
7 25 7.6
1 3 3.1
16 32 0.4
10 12 6.2
15 21 7.7
1 17 8.8
1 37 2.4
5 29 5.2
11 42 8.7
3 21 0.2
6 8 1.8
9 10 2.1
20 30 4.6
4 16 8.9
9 29 0.3
13 30 0.3
