9.4 1.2
3.7 9.4
8.7 4.2
7.4 4.2
8.6 2.9
5.9 2.1
3.0 9.2
3.8 10.0
1.6 1.2
5.0 4.4
1.8 7.9
3.8 5.7
8.0 7.0
0.3 5.8
3.8 4.6
3.7 7.3
6.1 3.9
0.3 1.3
9.5 9.2
8.3 1.3
0.2 2.0
3.5 1.9
1.3 2.9
7.1 9.6
6.5 9.1
0.4 2.1
4.3 3.0
4.7 7.6
1.2 2.4
7.5 6.6
*2.5 5.5
4.1 3.2
1.5 7.0
2.0 3.4
3.0 7.8
1.8 3.7
1.5 5.6
1.7 8.0
0.9 3.8
1.8 8.6
7.4 9.6
2.1 3.5

2 31 6.9
2 3 0.6
16 24 1.4
9 33 8.2
6 28 6.2
3 16 7.1
11 20 1.0
16 19 5.8
6 13 7.6
17 31 2.8
11 22 5.3
30 35 7.8
40 42 3.3
1 31 1.7
2 15 9.8
14 20 2.5
5 13 3.8
3 4 5.0
14 36 0.7
2 33 3.8
37 39 4.4
10 40 8.2
12 39 4.2
7 11 3.4
15 30 6.1
6 31 0.3
2 42 3.7
5 23 9.9
30 36 2.0
14 25 4.4
5 29 5.0
12 35 8.1
1 29 7.1
7 8 0.9
27 30 3.2
7 25 3.0
5 42 5.5
10 23 3.3
16 20 0.2
8 18 4.4
25 33 3.4
19 23 3.4
4 23 4.1
21 42 1.7
1 7 6.1
5 15 6.6
14 21 3.1
27 34 3.3
35 41 7.3
21 36 5.9
21 32 9.7
14 32 4.9
8 10 0.9
6 24 7.6
12 29 8.7
38 39 4.1
15 37 4.6
9 31 5.7
13 14 3.0
6 14 4.9
29 37 5.3
13 18 5.1
18 28 1.7
4 15 0.7
10 11 9.5
30 37 6.3
1 24 9.9
10 41 5.7
11 18 9.9
4 12 2.9
7 29 9.1
12 18 4.9
13 39 1.8
10 32 6.0
11 16 8.4
9 10 3.3
8 27 4.4
12 21 7.5
5 34 3.6
25 26 6.5
4 5 0.6
3 14 4.3
20 27 2.9
2 38 6.6
