5.4 3.1
3.8 5.0
7.3 8.8
8.5 6.0
*4.4 0.7
0.5 8.9
8.9 3.5
6.7 1.8
1.6 8.4
5.2 7.9
2.4 3.2
0.4 1.0
0.4 5.7
7.2 2.0
6.1 0.7
2.8 10.0
0.5 4.0
3.4 8.8
9.2 1.3
9.7 2.1
5.2 9.9
7.3 3.2
8.1 6.0
2.1 5.4
3.6 4.3
9.9 2.2
1.3 9.4
4.0 2.7
8.2 7.7
0.7 1.5
0.6 5.7
3.6 7.7
7.6 1.5
8.0 6.6
3.9 0.0
1.4 8.6
2.8 7.1
1.0 9.0
2.2 9.6
4.3 8.9
5.6 7.8
8.3 8.3

1 12 3.6
22 24 0.5
3 22 3.7
15 32 3.8
5 10 3.3
19 36 2.9
3 4 6.2
29 41 3.0
13 41 8.4
7 19 2.7
3 21 8.6
3 30 9.3
10 17 7.0
1 29 8.2
10 13 6.7
15 42 2.3
10 16 0.3
3 33 4.0
4 18 9.8
7 14 0.9
5 36 2.7
19 33 1.9
39 42 3.2
9 20 9.6
13 32 1.1
4 20 9.8
19 38 8.0
1 27 3.6
34 42 3.2
8 27 5.9
16 24 7.3
1 5 6.0
11 18 10.0
38 40 3.4
5 30 9.1
17 25 5.9
31 34 3.1
9 34 8.0
5 7 6.9
7 13 5.8
6 8 4.2
7 12 1.7
4 21 5.2
2 11 6.3
14 29 9.6
10 35 7.3
5 37 7.7
27 33 7.0
25 26 6.3
21 41 5.6
22 37 9.7
5 16 2.1
8 26 7.7
8 11 0.7
5 6 3.2
3 40 0.8
23 41 2.7
10 30 7.6
19 24 1.7
13 24 1.2
7 8 2.0
4 10 3.5
23 31 8.6
27 36 8.6
9 40 4.9
1 15 7.6
35 36 6.8
1 9 8.2
27 34 2.2
21 34 6.2
5 14 9.0
7 28 5.6
11 33 2.5
22 26 8.3
8 37 7.2
36 38 4.9
3 5 9.9
3 10 5.4
36 39 2.8
33 38 7.9
8 35 7.3
1 2 5.2
28 40 4.5
21 23 9.1
