2.6 3.6
4.1 7.5
6.9 7.8
2.1 7.9
4.4 6.1
6.4 2.5
2.3 8.7
5.4 7.2
6.6 8.5
4.5 5.3
6.7 2.4
0.8 8.0
6.2 5.7
4.2 3.6
8.6 2.6
0.6 2.3
8.4 9.6
7.5 4.5
1.0 5.0
4.0 3.5
9.0 3.1
5.6 8.5
7.7 6.2
7.3 9.2
0.5 3.2
7.5 7.1
1.0 2.4
5.3 1.2
7.3 2.8
5.7 8.0
6.3 5.1
0.2 5.6
5.5 8.5
5.8 0.8
9.0 0.7
5.1 9.7
6.6 6.2
9.0 8.7
*0.0 8.9
8.0 9.0
8.7 9.2
6.9 4.5

23 30 10.0
1 6 6.5
16 26 6.4
6 23 6.4
8 9 9.9
7 15 5.7
25 34 7.9
4 21 2.4
27 28 2.3
16 39 3.2
8 12 7.9
8 32 0.9
9 35 9.9
2 42 3.6
18 39 8.6
7 21 6.0
11 36 3.8
18 27 6.4
4 11 6.1
40 41 3.5
1 39 3.7
2 3 9.1
22 39 9.1
8 13 1.8
26 40 3.3
20 37 5.4
1 30 7.3
21 27 6.1
2 7 10.0
1 5 8.9
17 42 7.9
12 24 6.6
32 38 7.5
23 24 4.1
35 37 1.8
5 14 5.5
3 26 7.3
2 28 1.6
16 21 3.7
5 19 5.4
10 34 2.0
8 14 5.0
4 35 8.2
16 33 7.7
17 29 4.8
7 33 3.7
23 40 9.0
1 4 1.3
4 19 3.8
35 41 4.5
19 32 9.1
5 9 1.4
11 15 2.6
19 25 2.9
1 2 1.1
6 36 5.3
15 29 6.3
24 40 2.1
25 35 3.6
1 31 5.2
1 22 2.2
17 19 8.3
22 25 1.8
10 31 3.5
16 31 0.7
10 36 2.0
1 10 8.9
4 5 5.6
5 36 9.0
21 39 4.1
2 21 9.7
19 23 9.9
30 33 7.5
19 20 1.2
13 31 0.4
13 17 8.4
33 39 0.4
15 27 7.7
17 21 5.6
4 8 5.9
1 23 4.7
8 18 9.3
2 37 3.7
11 18 4.4
