9.8 1.7
0.5 1.6
3.2 4.2
0.7 2.8
*4.3 5.3
2.6 6.1
9.7 7.7
0.8 0.3
7.6 9.1
2.8 1.2
9.8 1.0
7.4 9.4
6.9 4.8
1.5 5.7
7.5 1.5
5.5 1.9
9.8 3.3
4.8 9.0
8.5 6.8
6.7 8.7
7.4 9.2
2.6 1.3
1.5 3.1
5.8 2.8
6.0 3.6
7.1 2.3
6.2 9.5
7.4 4.5
5.0 5.6
1.9 7.8
7.4 3.4
0.1 8.7
0.2 4.9
5.9 4.6
6.6 9.6
7.6 1.9
5.5 4.8
1.8 2.5
6.8 5.9
7.7 7.6
1.6 4.5
3.1 6.7

8 13 0.9
10 27 4.7
11 29 8.3
33 38 4.7
18 24 2.3
23 25 7.5
14 36 0.6
13 22 6.5
5 28 2.4
2 9 9.6
1 4 8.5
2 23 9.5
21 28 9.8
14 18 7.0
28 38 1.3
16 25 0.8
21 22 10.0
19 28 3.5
33 39 8.8
6 27 1.4
7 28 2.6
14 26 3.2
39 40 8.7
19 30 7.6
14 22 1.3
9 15 0.6
2 4 3.1
3 7 5.4
7 38 6.5
4 10 2.6
25 34 3.1
8 18 5.5
7 25 4.2
1 5 0.1
8 31 2.3
7 22 7.1
26 35 2.4
11 37 5.0
5 6 7.0
4 22 9.2
4 36 4.5
29 42 6.6
3 39 9.2
36 42 3.5
20 35 6.2
10 37 2.3
5 17 9.2
6 20 0.6
5 16 0.6
18 21 3.5
5 27 9.0
23 29 8.5
5 12 4.4
22 41 8.4
7 15 3.5
8 22 9.6
3 11 0.5
1 2 9.4
10 14 8.1
3 5 0.3
9 24 10.0
35 38 3.1
23 36 9.5
31 41 7.9
9 19 9.9
7 8 6.4
27 33 2.9
25 40 0.8
17 31 3.4
19 33 3.6
14 19 9.0
33 37 9.5
22 36 4.0
21 41 4.1
17 19 5.2
23 37 1.7
37 41 1.1
26 28 1.6
8 25 8.3
22 32 7.6
3 36 8.6
1 6 1.9
12 32 8.4
26 33 5.7
