8.1 5.0
6.1 8.3
3.4 7.3
0.9 0.0
7.0 9.6
1.6 3.8
9.3 0.7
9.5 7.4
0.6 0.5
1.4 6.8
3.7 4.8
9.0 1.5
8.7 3.9
9.0 3.3
3.9 1.5
7.0 3.3
7.8 7.1
5.8 8.8
4.0 3.5
7.6 3.8
4.9 4.4
3.3 4.6
8.0 3.0
9.9 4.8
7.9 1.2
0.7 9.1
1.3 0.1
*0.3 5.2
1.2 2.6
6.4 0.6
6.6 5.1
8.3 2.7
8.6 1.1
8.8 4.0
7.2 7.3
3.6 8.6
1.4 4.7
7.7 9.6
8.9 9.3
4.8 8.7
0.4 9.3
7.2 1.8

3 19 3.3
11 17 3.1
2 28 3.9
32 33 2.0
28 31 7.3
6 21 1.4
3 24 9.7
8 35 1.1
22 34 2.2
6 36 7.5
30 34 9.4
30 31 5.7
17 25 8.9
20 21 0.9
15 26 1.3
17 18 3.6
21 32 5.5
21 36 4.4
3 42 8.2
1 6 6.2
12 30 6.2
3 20 1.9
10 28 5.8
8 11 9.5
29 37 5.6
38 40 7.8
11 25 1.4
1 28 0.8
16 24 9.3
20 30 1.2
12 39 10.0
19 25 6.7
18 41 0.1
2 36 8.8
7 26 3.3
2 17 7.5
33 37 1.1
16 29 9.6
8 18 4.9
1 38 2.9
3 10 9.0
9 21 1.6
2 3 1.5
7 21 5.0
33 42 5.7
3 30 8.7
8 9 6.6
2 5 8.6
10 18 1.1
10 33 9.9
11 30 6.5
10 14 5.4
1 14 5.7
12 28 2.4
4 7 8.8
6 38 6.2
22 28 5.0
7 8 6.3
2 42 9.2
6 16 6.0
10 36 7.6
13 34 0.5
34 41 9.5
25 33 0.4
37 38 6.4
10 11 0.5
15 28 9.4
11 27 3.7
3 8 10.0
9 22 2.8
16 20 1.7
16 32 9.9
3 13 5.7
11 24 7.7
2 40 3.0
6 19 9.8
21 38 0.5
4 28 7.8
18 30 3.6
9 33 3.0
10 23 5.5
16 18 6.2
39 42 1.6
26 39 8.1
