3.0 1.0
9.9 0.7
6.4 4.3
8.6 0.5
6.3 1.8
3.9 8.2
2.0 5.6
2.9 8.9
3.9 0.3
8.5 6.3
0.2 7.3
2.1 6.1
7.1 7.6
1.6 2.0
0.3 4.3
2.4 10.0
2.7 3.2
2.6 4.6
3.3 0.6
6.2 3.0
3.7 7.7
7.2 6.4
2.1 4.2
6.2 7.8
2.5 0.6
2.3 0.3
5.0 4.4
2.3 2.3
8.6 3.7
0.9 6.3
9.0 2.6
9.6 6.6
3.4 4.2
4.6 1.9
5.6 6.4
*0.1 3.6
2.0 4.3
1.6 6.5
2.4 0.7
9.3 3.1
1.4 3.3
9.4 2.6

9 12 1.5
3 17 7.7
9 18 6.6
7 10 5.3
30 34 0.9
21 40 9.1
29 42 3.8
14 37 6.4
4 42 0.4
9 35 1.1
11 27 6.0
36 38 4.6
21 23 2.1
5 14 6.1
2 9 3.9
26 41 6.7
10 17 6.7
24 36 1.5
18 33 2.3
13 15 6.2
22 32 1.5
17 41 3.7
3 30 4.2
37 42 1.1
8 39 6.3
18 20 4.8
22 37 9.0
6 10 1.9
7 40 9.4
4 24 3.0
9 29 5.1
20 21 7.6
9 15 0.7
3 19 3.6
1 13 5.9
2 18 0.4
5 7 0.7
23 27 1.3
28 31 2.4
15 21 4.9
1 8 9.5
36 37 5.7
1 4 4.4
8 31 5.0
21 25 5.8
7 36 2.9
21 34 7.3
17 42 1.7
10 18 1.6
3 11 5.7
10 30 9.5
20 42 5.8
5 16 2.0
16 37 2.2
15 34 5.6
15 37 9.2
3 37 1.2
25 28 3.7
2 5 8.7
1 36 4.0
4 6 0.3
10 13 8.4
19 33 7.5
17 25 6.8
12 35 8.8
18 19 2.7
13 16 9.8
1 3 4.8
1 2 2.0
9 28 7.1
1 40 9.3
36 41 0.8
4 13 6.5
7 26 0.9
18 23 5.5
14 29 2.7
19 35 3.8
13 19 9.3
35 40 1.9
22 36 5.7
17 22 5.1
5 20 1.5
34 41 1.8
25 34 5.4
