9.1 3.5
7.1 0.3
2.5 2.4
9.6 4.2
4.9 7.9
4.6 10.0
4.9 4.3
9.7 2.7
5.1 6.4
2.0 2.0
0.5 0.6
3.6 8.7
4.6 3.6
1.6 2.1
6.8 5.1
1.7 1.6
5.9 9.6
0.1 8.5
5.6 0.4
4.5 1.5
*9.1 8.2
8.2 8.6
9.5 9.8
1.7 9.4
3.0 3.8
2.9 5.7
1.3 9.1
9.2 1.9
7.6 3.5
8.8 4.0
7.7 9.2
1.9 7.8
3.1 8.7
9.6 5.5
9.4 9.2
8.3 5.0
7.0 0.5
7.7 2.0
6.0 9.5
3.4 8.2
9.9 8.2
9.6 2.0

14 27 5.3
13 28 0.2
15 17 4.0
19 36 9.4
7 9 2.5
36 40 0.1
29 36 0.1
38 39 3.1
4 7 8.0
37 38 2.7
14 33 3.6
2 19 7.0
6 19 7.6
15 38 1.5
2 9 9.2
31 41 2.6
4 20 5.3
6 9 5.1
18 39 0.9
9 29 9.4
25 42 9.1
17 23 1.1
10 17 4.4
2 5 8.9
11 40 0.2
5 19 1.0
18 32 5.3
7 28 2.7
20 27 9.2
2 40 5.7
3 36 3.7
23 34 1.7
23 31 0.6
1 17 3.6
14 15 7.8
7 19 9.4
3 6 5.5
29 31 8.1
4 5 8.6
11 21 5.8
22 26 9.3
31 35 3.6
8 37 1.8
21 29 1.1
14 16 1.9
13 39 3.1
14 38 5.6
29 40 2.4
13 23 1.0
16 25 9.1
5 13 8.1
3 4 6.5
2 34 2.0
14 39 5.8
3 31 8.5
5 16 6.4
21 41 6.4
13 14 8.6
6 32 2.2
13 32 7.6
17 29 7.6
7 30 2.3
21 33 1.2
4 42 9.8
8 21 0.5
1 21 4.6
2 21 3.9
9 22 6.1
9 24 9.9
9 21 5.2
14 24 7.0
15 18 0.3
3 38 5.3
10 26 5.8
3 24 8.8
3 21 7.8
6 26 6.1
25 41 0.1
5 37 0.9
12 21 5.1
14 35 9.3
14 22 0.9
1 10 1.4
2 24 2.1
