2.2 0.5
2.0 0.3
4.6 4.5
3.3 6.6
6.0 8.7
0.9 6.1
5.6 4.9
7.0 6.3
8.8 9.5
8.2 1.9
3.9 0.8
2.7 6.6
9.1 1.6
9.1 6.8
1.1 1.0
6.6 2.8
5.4 6.6
3.3 0.3
6.2 0.6
8.7 6.1
1.8 6.0
8.3 0.1
9.3 9.3
6.1 1.3
5.5 0.1
8.0 1.3
0.2 4.6
7.2 4.0
5.0 1.7
4.8 3.5
5.5 0.9
9.4 6.4
8.6 4.4
1.8 2.2
6.6 1.7
*2.8 1.4
1.6 1.1
3.3 3.9
4.7 1.0
1.5 7.9
4.8 3.3
4.1 6.3

9 24 4.4
12 31 3.7
33 37 4.1
13 40 6.8
20 28 5.0
12 23 8.8
19 40 9.1
39 41 5.8
28 38 8.8
7 14 5.4
2 31 3.3
16 35 2.0
24 39 4.6
1 7 0.2
5 36 9.7
4 9 6.2
7 30 9.6
2 19 4.4
1 18 4.5
17 25 6.6
37 39 1.7
3 31 1.3
1 36 0.9
3 29 8.3
6 33 8.7
13 17 4.8
6 15 1.2
16 20 8.0
15 25 4.2
29 38 1.4
13 31 5.8
16 41 2.7
3 11 9.4
20 25 3.8
13 19 8.3
24 31 7.7
26 36 1.5
1 4 7.6
5 6 8.7
9 14 4.0
1 3 9.8
10 38 9.6
32 41 3.5
2 8 2.6
7 28 5.9
30 42 5.4
20 30 9.5
34 41 9.9
10 24 6.4
30 38 4.1
21 32 4.6
9 21 1.2
9 10 2.5
10 23 4.1
12 14 9.9
2 37 5.6
31 32 4.6
3 16 4.3
4 35 4.5
8 22 8.5
3 38 9.2
7 22 6.0
25 27 8.1
1 35 0.8
16 24 5.6
12 36 9.2
19 24 1.3
12 13 7.8
15 38 6.9
4 22 7.1
19 38 3.2
9 34 8.3
13 29 2.3
5 20 0.8
6 21 4.9
10 42 3.1
11 25 1.7
19 21 4.9
10 41 0.2
16 17 4.6
2 20 2.5
5 13 1.7
1 2 5.7
10 22 5.7
