0.5 0.9
4.6 6.6
8.2 1.9
6.0 8.2
0.0 0.4
9.5 4.4
2.7 3.8
0.6 0.8
0.7 2.3
7.3 8.0
9.6 5.5
4.0 0.2
0.6 7.4
8.4 5.0
2.5 3.5
2.3 5.8
1.7 0.5
4.9 9.7
1.4 3.5
*8.3 5.9
1.2 9.9
1.5 8.2
6.8 6.1
1.6 3.0
6.9 9.4
2.8 2.5
0.9 2.5
2.5 0.8
1.7 9.6
0.5 0.7
5.9 1.0
2.3 8.6
5.4 3.5
6.0 6.9
5.5 3.7
8.5 3.3
4.6 7.8
10.0 4.0
7.4 3.9
2.0 1.1
3.5 0.9
3.2 1.1

22 24 0.5
11 34 2.3
32 34 4.0
29 41 6.7
1 38 5.4
10 19 3.5
8 41 7.9
35 42 0.3
5 22 7.3
24 41 6.4
5 16 5.0
24 33 4.3
13 17 3.9
15 27 5.4
35 36 4.2
39 42 4.0
7 27 4.1
10 14 9.6
29 35 5.9
7 30 9.1
19 26 9.0
15 38 8.2
12 33 8.1
1 30 0.3
29 31 4.7
29 40 1.0
3 4 5.7
34 35 7.8
6 9 4.5
2 12 0.7
24 35 6.5
3 28 1.7
18 37 9.5
30 31 4.2
17 18 1.3
16 21 1.8
13 18 3.6
23 32 1.6
11 13 5.2
2 22 9.9
2 8 1.3
7 13 3.9
1 20 6.2
16 23 6.3
5 10 4.2
14 16 7.8
35 41 2.2
1 25 5.2
9 15 0.8
20 42 5.3
22 41 4.6
2 39 3.2
18 29 6.3
29 30 2.7
12 28 3.2
2 20 0.4
7 40 8.9
8 10 9.4
2 3 9.4
13 16 6.2
3 16 6.2
11 15 8.1
18 19 3.0
17 29 1.8
10 11 0.5
2 35 8.8
1 5 6.2
2 7 4.0
16 22 6.7
5 31 8.9
30 37 8.7
3 17 1.9
9 28 6.8
5 23 0.7
3 14 2.8
26 29 0.5
28 39 9.3
7 19 3.8
25 37 3.1
14 31 9.7
5 6 9.7
11 36 6.3
24 32 3.7
6 18 7.8
