4.6 8.4
7.2 9.5
4.4 0.7
9.1 3.7
4.4 2.3
1.8 7.1
5.3 7.9
7.8 9.6
9.4 4.2
2.5 6.8
0.6 8.4
0.3 9.8
3.9 3.6
6.5 5.8
1.1 3.6
6.0 1.5
3.8 8.1
9.0 7.1
6.6 1.4
7.8 9.6
6.0 0.4
3.4 8.9
7.9 0.5
4.6 3.3
3.0 9.9
1.1 3.2
9.1 7.0
2.7 1.8
2.8 9.4
8.8 8.3
4.2 3.9
7.8 0.1
9.5 0.9
5.2 8.3
9.4 4.6
6.3 4.3
8.1 5.7
2.8 2.2
2.4 0.3
1.2 1.8
*9.6 3.1
8.1 9.6

19 26 1.5
6 19 9.4
2 30 7.8
3 5 1.3
22 26 5.2
18 21 4.4
1 30 4.1
1 41 2.0
7 31 4.1
11 34 8.6
3 41 1.4
4 10 1.4
1 42 3.5
24 30 9.1
21 35 6.2
3 25 3.2
10 33 7.8
5 17 1.8
8 16 8.5
4 6 9.1
31 37 5.8
21 28 3.6
2 11 2.9
27 38 9.5
17 31 2.0
23 29 9.1
11 17 1.3
26 34 3.9
2 3 2.7
6 14 2.3
13 38 5.5
13 24 2.2
24 39 1.0
3 29 8.3
5 15 7.3
28 32 4.0
20 31 8.6
9 12 2.5
7 29 5.6
7 23 7.8
16 37 8.0
1 28 4.3
15 37 7.6
26 32 5.3
7 26 0.2
1 4 4.4
2 41 3.0
4 41 2.4
5 36 5.5
5 35 0.6
9 39 7.7
18 27 5.5
9 13 6.7
1 7 1.7
37 39 1.9
18 25 4.3
2 24 8.3
17 18 8.0
10 26 5.2
9 33 8.5
4 8 6.6
30 36 9.7
15 40 1.8
7 27 6.4
14 32 2.1
2 42 6.7
16 36 8.8
9 42 8.9
9 36 5.7
7 34 5.1
24 34 6.8
3 26 0.5
10 24 4.5
15 22 5.0
32 38 6.0
8 40 9.0
24 37 5.6
26 40 4.4
12 34 10.0
12 20 6.8
4 21 9.8
7 9 5.1
21 26 4.3
15 19 7.1
