2.6 2.4
4.0 3.0
0.3 9.8
5.5 2.8
7.7 0.6
1.0 9.2
0.5 5.3
3.2 8.4
0.7 8.0
2.0 3.3
0.4 8.2
6.6 3.8
2.7 1.8
7.9 2.9
3.2 9.0
1.4 0.5
1.6 7.5
7.1 8.0
7.7 5.4
7.0 6.7
*6.9 7.5
8.0 2.2
5.3 5.6
0.7 7.6
2.6 5.5
5.8 4.0
1.4 3.6
8.5 5.8
8.5 6.5
7.0 2.7
3.5 7.8
3.2 4.1
9.8 8.5
2.7 3.2
2.7 5.1
3.0 0.5
5.0 7.7
2.7 4.6
0.4 1.8
4.2 0.5
1.5 0.8
1.7 8.6

27 39 4.1
1 18 9.9
18 32 2.0
25 29 7.0
24 34 3.2
7 36 5.8
34 37 0.2
2 25 7.4
13 21 1.5
1 28 1.0
24 39 0.6
15 23 0.2
2 9 7.8
36 38 2.6
20 25 1.3
6 7 6.2
1 42 1.7
4 6 9.1
10 41 8.1
12 38 0.6
18 22 1.1
1 38 3.6
2 40 0.6
16 27 1.7
4 10 5.8
1 17 1.1
8 31 6.7
11 37 1.6
26 35 3.2
16 33 3.3
24 25 6.3
31 40 4.0
12 26 0.5
2 24 9.3
7 20 8.9
3 12 6.5
20 31 7.9
11 31 7.8
17 37 5.3
11 21 6.1
25 40 7.7
14 15 4.6
3 23 7.1
31 39 6.6
21 33 5.0
2 3 7.4
14 34 6.3
30 32 2.0
25 30 4.0
28 34 0.7
1 21 9.6
4 16 9.9
26 41 9.1
20 38 4.6
3 8 2.1
15 28 7.9
21 31 4.9
2 27 6.2
22 38 8.3
2 30 5.7
5 9 8.6
6 14 9.6
8 21 1.3
21 41 5.2
15 26 3.6
20 36 9.8
18 23 6.8
19 21 5.1
13 29 4.2
8 37 7.7
33 40 3.6
2 21 4.7
18 26 8.1
4 15 3.9
26 34 8.2
15 30 5.6
18 28 4.8
20 22 5.6
41 42 7.5
2 11 9.2
1 27 7.7
4 5 0.6
2 4 9.8
22 34 0.2
