2.7 1.7
*8.8 2.2
0.6 1.4
5.7 6.5
7.3 5.9
0.8 1.6
4.2 8.6
6.2 1.8
8.2 0.1
9.6 4.9
3.6 8.9
2.6 4.6
0.5 3.7
2.9 8.0
9.1 5.0
2.3 1.2
3.1 5.7
1.1 8.7
4.5 6.1
4.3 4.2
2.5 6.6
8.5 6.4
9.7 9.0
5.6 9.5
4.1 9.2
1.1 4.6
2.3 1.2
6.6 6.1
4.9 7.6
0.8 9.7
4.5 0.5
7.2 9.3
5.8 0.7
8.0 4.4
2.9 2.1
4.9 9.5
8.4 3.5
3.8 0.2
8.5 1.9
2.2 4.5
7.7 1.1
8.1 7.5

5 8 7.2
7 10 5.8
1 2 7.7
12 36 3.5
24 25 9.8
12 29 5.2
15 20 0.4
6 41 1.2
21 41 4.2
1 12 9.9
17 18 0.5
32 40 7.3
10 19 1.1
10 18 2.1
12 17 1.7
2 9 4.2
16 23 9.3
11 17 5.6
4 41 0.3
32 37 9.7
6 10 0.2
11 21 0.1
21 31 1.6
17 36 1.0
11 15 8.3
29 38 9.1
1 32 5.0
1 39 7.7
2 7 3.0
4 6 6.0
38 39 5.1
7 8 7.4
4 20 4.7
22 26 6.6
2 19 4.0
8 9 9.7
10 30 8.7
2 33 6.5
7 24 9.1
4 18 6.2
10 36 1.7
2 3 2.8
11 33 8.1
17 38 7.1
2 28 4.3
16 33 5.8
19 24 7.0
24 27 8.9
9 16 5.8
14 31 6.9
37 42 2.4
35 38 9.9
4 11 4.9
8 13 1.5
9 12 5.2
18 26 4.0
8 37 8.8
21 29 6.7
33 42 1.5
4 42 8.5
12 26 0.1
7 27 7.0
6 20 1.5
8 22 9.2
20 36 8.5
7 34 7.4
5 17 7.9
18 31 8.2
31 34 7.1
23 29 5.5
13 21 3.8
3 4 5.3
29 39 0.1
13 14 5.5
5 32 2.5
2 18 8.4
3 35 3.1
13 35 9.0
11 18 5.6
2 6 8.1
10 40 7.8
3 5 3.2
11 24 9.8
7 40 9.7
