6.5 4.8
1.4 9.8
5.2 0.8
2.0 6.4
*5.8 6.5
8.5 2.0
7.8 2.2
6.1 4.2
4.3 4.9
9.8 3.2
2.1 3.0
8.7 4.6
5.8 3.7
1.1 9.0
4.5 6.2
3.2 4.8
9.1 0.3
6.6 5.7
1.0 6.6
9.4 1.2
7.8 0.9
7.8 1.2
9.2 4.3
7.8 3.5
0.8 6.4
4.8 7.1
0.1 9.0
8.8 2.0
5.4 7.8
8.9 6.6
9.0 4.5
8.7 4.3
0.4 6.0
4.2 2.7
9.6 1.8
7.1 2.8
2.0 7.1
1.1 4.1
3.2 6.6
8.1 5.5
3.1 8.2
4.0 1.8

6 29 4.6
18 22 6.1
1 5 7.5
6 7 3.9
9 40 7.2
36 41 1.7
8 10 9.2
5 38 1.3
25 34 0.9
4 31 3.3
5 32 9.6
2 13 1.4
3 5 6.9
15 17 6.5
35 42 0.7
20 25 9.5
20 22 1.9
17 29 8.1
11 19 9.1
16 31 9.4
22 25 0.4
2 30 5.4
2 9 4.2
6 26 5.6
4 8 6.4
5 18 3.6
37 41 2.1
18 33 6.2
2 24 2.3
11 26 1.2
1 11 6.7
12 14 3.9
2 21 8.3
21 22 3.2
20 37 4.7
12 36 2.0
9 29 0.5
26 36 2.1
22 35 9.1
8 12 8.7
16 40 5.0
3 16 5.3
1 2 8.6
8 39 7.0
19 20 1.5
3 28 6.8
11 22 8.6
21 30 5.8
15 35 7.2
36 39 8.9
2 7 2.4
35 41 9.1
21 33 3.0
32 40 6.3
27 37 8.2
3 38 5.7
8 20 9.9
1 19 8.8
18 23 7.9
14 19 0.9
2 4 7.7
12 28 8.2
15 36 9.4
12 42 3.0
5 7 8.5
2 26 8.4
3 20 1.1
12 39 5.6
11 15 8.1
5 14 3.7
5 25 5.1
22 33 9.7
16 38 9.7
5 6 6.4
10 36 4.0
14 40 4.5
15 25 4.9
29 41 7.8
3 27 7.2
7 22 6.6
14 32 0.2
21 35 5.9
12 25 7.0
34 41 5.2
