6.9 5.1
4.4 8.6
2.9 7.5
4.4 8.7
4.8 9.4
1.2 3.6
4.1 2.4
5.0 1.8
5.5 5.2
5.1 5.1
8.3 8.9
5.6 0.3
4.6 1.9
2.0 3.1
2.8 7.7
8.3 0.9
0.2 3.6
9.4 2.1
2.4 2.2
9.4 9.5
*0.6 8.2
2.9 1.2
1.3 4.7
4.9 6.5
8.0 3.6
2.7 2.9
4.3 8.4
9.2 2.0
1.1 7.9
5.2 0.8
8.3 2.0
3.5 4.2
9.9 9.1
7.5 5.7
0.6 7.2
3.5 9.0
8.8 7.9
8.3 6.5
8.4 4.1
8.7 4.8
7.5 6.3
5.8 7.4

16 25 2.7
7 23 3.8
8 42 7.2
19 20 5.2
26 38 1.4
14 41 7.6
23 33 8.8
23 36 1.5
15 38 0.8
4 28 8.1
9 31 5.9
25 31 9.5
13 21 4.3
4 40 1.9
23 28 5.3
19 22 5.9
30 32 3.6
1 18 6.9
6 11 5.1
7 35 5.1
20 23 1.4
4 21 8.3
25 36 3.6
10 40 8.7
13 41 5.3
10 15 7.4
6 35 3.0
6 15 9.0
1 12 4.9
25 34 1.2
8 30 2.6
6 34 8.9
6 41 5.2
1 21 5.0
16 24 2.7
16 23 9.4
30 39 5.9
6 29 8.1
12 19 3.2
2 3 6.1
3 17 6.8
11 32 9.1
2 6 5.7
5 9 6.4
23 40 1.8
1 7 2.3
4 25 5.7
20 39 1.2
6 31 6.8
2 21 1.8
10 25 8.6
4 34 9.6
1 10 2.5
20 27 3.5
15 26 9.3
1 30 2.9
6 36 1.9
4 11 8.3
1 11 1.3
14 29 3.8
11 27 1.2
6 14 9.5
17 22 5.9
13 20 6.2
2 33 7.9
30 31 1.6
21 41 0.1
2 16 7.0
21 40 9.4
10 36 1.4
10 11 8.3
7 30 3.1
9 39 8.5
28 39 8.6
10 31 7.5
10 26 7.2
4 5 6.9
15 35 0.9
6 10 4.9
7 8 7.7
20 37 0.6
3 34 9.2
11 39 4.5
9 32 1.9
