0.6 2.7
7.3 9.1
5.1 4.3
7.8 5.9
0.3 6.6
9.7 8.8
3.7 3.1
1.6 1.7
2.6 6.6
0.6 0.8
6.4 9.2
0.6 1.1
0.4 8.2
4.6 2.3
8.8 7.9
9.4 6.5
4.6 5.2
0.9 1.6
9.5 7.5
6.6 1.5
*9.2 4.2
1.8 2.2
5.8 4.6
1.8 7.0
3.9 3.6
2.1 4.4
0.6 3.2
8.3 0.4
5.1 4.1
3.4 1.4

8 18 8.8
3 21 2.1
4 20 5.4
22 29 1.7
20 22 7.4
23 26 5.1
10 21 4.5
1 6 3.0
9 13 0.4
2 18 5.3
14 20 5.3
6 23 4.2
1 2 2.0
1 27 6.2
14 24 0.8
3 26 1.5
2 19 7.4
6 18 4.6
1 26 0.3
8 21 9.7
13 23 0.8
6 19 3.2
3 14 6.3
13 26 4.8
3 11 9.5
17 22 8.0
7 30 1.4
17 26 7.6
19 21 5.9
1 21 5.0
21 29 6.7
2 7 9.8
6 24 1.0
10 27 4.3
27 28 8.4
20 21 0.9
11 14 4.8
9 12 3.3
24 25 4.1
22 26 1.6
4 6 3.4
20 30 2.0
3 4 3.9
2 15 4.8
7 14 8.4
18 23 6.6
25 27 0.3
9 21 7.7
25 29 0.4
2 4 6.2
4 18 1.4
12 19 1.4
26 28 10.0
1 5 2.9
9 19 9.1
7 19 7.2
13 22 7.5
8 16 6.8
5 20 4.0
1 17 9.0
