1.0 0.3
5.3 1.5
*1.4 0.9
7.9 5.7
6.9 1.7
6.5 6.7
6.2 6.2
2.1 5.7
0.3 0.7
2.5 9.2
4.0 3.1
1.8 2.1
5.3 0.7
6.4 5.9
9.1 9.1
3.2 5.1
0.5 9.6
7.1 8.4
3.3 5.6
6.2 6.0
2.3 1.3
8.8 3.3
2.9 5.0
5.3 7.0
8.4 0.0
6.1 9.0
2.4 7.2
3.2 2.8
8.9 7.7
6.7 0.2

10 17 8.4
1 10 8.1
2 19 9.8
17 29 3.4
1 18 9.6
19 23 2.5
12 20 2.8
20 22 6.8
3 27 2.7
13 27 6.8
4 9 8.9
4 20 9.3
15 27 4.4
22 26 1.3
4 16 5.7
9 27 1.0
7 24 9.7
2 17 2.0
14 24 6.6
22 25 5.3
8 13 6.9
5 11 5.1
6 19 5.9
5 6 1.0
2 3 1.3
1 5 6.5
2 8 8.5
2 23 2.6
5 29 4.6
17 20 9.9
3 15 5.7
18 19 6.6
12 14 1.2
2 11 6.7
23 26 5.0
22 28 1.7
2 5 6.0
6 21 6.0
17 22 2.3
4 17 3.1
3 6 9.8
1 7 2.1
2 25 0.3
5 28 4.8
24 29 7.9
8 27 4.6
5 13 9.2
1 3 6.6
19 30 3.4
4 19 9.3
11 26 1.1
13 17 4.4
2 12 9.9
13 15 5.5
13 25 8.6
21 29 9.7
8 19 1.5
9 23 1.6
2 4 9.5
7 18 6.0
