0.7 4.5
8.5 9.4
0.7 7.7
0.8 8.2
2.8 7.5
2.6 4.7
2.9 7.2
8.1 5.3
10.0 1.2
2.3 6.7
5.3 1.1
0.5 0.2
5.1 1.1
0.9 1.5
0.3 7.1
4.6 9.0
*6.5 1.7
7.8 3.3
8.8 8.8
7.0 8.5
8.6 0.9
7.5 0.5
0.1 0.1
8.1 0.2
4.6 6.9
5.6 0.7
2.6 2.7
8.4 4.4
4.3 9.9
2.9 7.4

4 6 6.4
13 22 3.6
23 26 5.1
2 11 5.5
6 30 6.1
8 17 5.2
5 9 1.5
18 30 3.4
3 12 6.3
15 30 2.5
13 21 6.3
19 21 9.6
9 18 6.1
2 17 7.1
15 28 0.8
3 17 2.8
3 7 1.3
4 7 9.8
11 15 4.1
11 14 0.7
4 24 8.4
10 17 4.9
17 18 9.9
15 20 6.0
2 12 9.2
1 4 2.4
1 17 4.2
8 24 0.3
5 20 2.2
24 26 2.8
3 22 3.5
4 10 1.5
5 30 4.2
1 8 7.2
14 22 7.0
15 21 7.0
2 5 9.0
6 17 4.4
9 27 7.3
10 19 4.9
3 25 6.9
3 13 4.9
23 28 1.2
8 28 0.8
6 23 8.1
15 16 4.2
13 24 8.8
19 29 5.4
2 14 2.4
9 28 4.5
1 18 7.9
23 25 6.8
14 27 8.3
16 24 8.2
11 22 5.6
10 16 7.1
6 20 5.1
4 14 7.8
13 15 9.4
20 28 5.4
