4.3 0.5
9.8 7.0
2.7 2.7
9.6 5.5
8.8 9.0
6.3 4.2
10.0 3.9
9.1 7.0
7.2 9.2
6.7 6.4
9.1 7.2
9.5 6.1
0.6 7.5
7.6 6.2
2.7 5.0
3.3 0.2
4.7 3.7
6.2 9.1
4.9 9.1
8.5 1.6
6.4 1.9
3.8 9.1
5.9 9.8
8.9 4.3
10.0 9.1
7.0 1.7
*5.1 8.5
2.0 8.2
4.8 5.6
1.0 6.3

4 11 1.4
3 27 3.0
1 17 3.4
2 12 5.9
6 10 6.6
21 30 5.1
8 19 4.3
14 19 0.5
12 28 0.9
3 8 9.1
1 3 9.3
10 25 2.8
13 27 3.3
10 19 5.1
15 26 4.5
18 20 3.6
4 27 6.8
3 11 7.3
6 11 2.7
9 13 2.9
16 29 4.4
4 9 9.8
1 2 1.6
10 15 6.3
10 16 6.7
12 18 2.7
22 29 2.8
7 21 5.1
7 20 9.9
9 30 5.5
6 24 1.2
23 28 1.5
1 10 8.5
1 25 0.4
8 21 8.0
3 5 1.6
17 20 1.0
17 25 4.8
4 6 3.9
4 7 6.9
23 27 9.8
9 14 7.9
5 27 4.5
13 29 5.3
18 23 6.6
17 29 1.4
5 16 9.1
26 29 4.1
16 27 4.5
4 12 3.1
25 26 4.3
2 18 5.0
10 21 2.4
5 25 4.0
9 11 7.9
20 29 2.1
7 15 7.0
14 21 10.0
1 27 6.6
4 22 5.8
