1.5 7.3
8.0 6.0
7.8 4.8
5.9 6.5
5.2 3.2
6.0 8.3
8.8 3.2
3.1 1.1
2.5 5.6
5.1 0.8
7.5 1.6
2.8 9.7
4.2 6.2
6.2 8.1
1.9 7.2
5.1 5.0
7.2 3.0
8.5 3.2
7.2 3.2
3.1 3.8
6.2 8.7
1.8 3.9
*5.8 7.7
6.1 6.2
6.1 9.5
9.7 7.1
6.4 4.3
3.9 1.2
6.6 0.3
7.4 7.5

27 30 3.4
8 16 8.2
7 18 1.3
3 26 9.4
6 23 8.5
6 7 4.4
13 17 5.3
3 23 2.1
5 12 7.1
8 9 6.1
11 24 7.1
8 18 6.1
8 20 1.1
21 26 0.9
7 30 1.0
4 10 9.6
10 21 5.6
1 23 7.6
21 28 4.9
2 8 8.0
2 21 4.1
6 12 8.9
2 23 0.4
20 23 9.2
24 28 9.9
7 13 8.8
4 27 1.6
22 30 4.6
17 26 8.8
14 15 2.3
9 14 9.3
5 15 9.8
9 24 7.5
6 16 6.7
15 16 5.0
5 23 2.8
15 18 8.8
11 23 7.4
13 29 9.4
3 20 6.9
5 25 9.9
2 27 5.0
1 11 3.0
3 19 4.3
2 9 9.0
27 28 6.5
5 30 8.4
20 24 5.6
1 18 1.2
19 21 0.4
5 19 2.7
3 27 1.9
8 17 3.6
12 22 2.5
6 22 8.4
4 23 4.9
16 21 9.7
3 5 8.6
24 26 0.9
11 14 8.5
