3.2 1.5
1.0 4.3
9.7 1.8
9.5 6.8
6.8 1.8
6.3 8.8
0.2 4.2
3.3 4.5
1.3 0.9
2.1 3.0
4.6 4.6
4.9 3.1
8.6 2.1
3.8 8.4
1.2 9.5
6.6 4.5
1.5 4.2
5.0 0.9
6.1 7.5
6.5 5.4
6.1 8.5
6.7 3.5
8.5 5.6
4.8 2.6
2.1 1.0
5.8 3.2
7.1 6.2
1.5 6.6
9.8 3.8
9.2 8.7
3.6 8.5
4.4 0.8
5.1 1.7
3.9 1.9
*8.3 4.3
5.4 8.1
4.1 3.8
5.7 9.7
2.2 3.4
9.1 8.3
9.1 9.1
3.7 5.3

13 19 4.2
5 10 1.8
19 27 2.0
4 17 6.1
19 22 9.2
13 14 9.6
14 37 8.9
1 4 4.3
2 29 8.3
10 20 3.9
14 40 4.1
5 19 3.4
3 16 8.4
32 36 8.0
18 27 4.0
26 42 3.3
32 33 7.1
37 41 5.2
19 28 7.0
32 42 2.4
17 24 7.1
6 38 0.2
8 11 9.1
5 9 5.7
5 23 2.8
12 15 5.6
8 35 3.7
19 24 5.0
16 31 2.5
8 25 4.7
8 18 1.8
22 24 4.0
18 30 0.6
37 40 2.0
3 7 6.2
13 16 1.4
5 18 2.9
20 31 0.9
11 23 4.7
13 24 6.6
4 21 2.6
3 31 0.1
2 35 5.0
14 39 4.1
1 21 9.0
11 13 7.1
10 18 1.6
12 23 4.6
21 37 8.7
13 26 4.9
28 31 3.3
14 27 4.4
2 4 4.0
19 37 4.4
10 33 6.7
9 18 5.7
24 31 4.6
19 23 9.3
18 39 9.5
1 35 2.2
4 11 4.5
3 6 2.5
3 12 2.2
2 3 7.0
8 16 8.8
16 38 8.4
19 31 3.1
14 16 6.1
29 32 6.1
20 33 1.7
26 29 9.9
9 17 4.4
10 34 8.9
23 26 7.6
5 35 1.4
6 37 3.4
14 41 2.9
6 42 6.9
19 33 6.8
5 41 5.9
15 31 0.3
34 40 4.6
34 37 5.7
1 20 8.8
