3.0 1.6
1.4 0.6
4.6 6.2
*8.4 0.2
5.7 1.0
2.3 6.0
3.6 1.5
6.6 5.3
8.1 8.3
7.5 3.7
3.0 8.3
7.9 6.3
8.1 8.4
7.0 7.6
8.9 5.0
3.5 5.2
5.9 9.8
1.2 7.1
1.0 4.7
2.3 2.0
1.3 6.1
5.9 7.6
3.7 2.1
6.5 7.4
6.3 5.6
3.6 9.2
8.7 8.2
0.2 4.2
8.7 7.7
0.8 8.0
2.6 5.8
9.6 5.3
1.0 1.8
8.3 1.5
5.7 8.4
3.5 7.1
1.7 7.4
9.6 3.1
9.8 8.0
2.7 7.5
1.8 8.3
9.5 4.6

12 19 3.5
10 38 1.6
8 15 1.7
23 40 5.5
20 41 2.7
32 39 9.5
23 26 4.1
15 29 3.9
6 27 4.5
16 24 3.9
3 22 7.1
24 28 0.2
30 40 4.4
11 20 5.4
22 42 1.0
3 31 2.9
4 27 0.6
16 28 6.0
4 33 7.7
29 32 9.6
1 10 4.8
3 6 1.1
9 35 4.4
1 37 8.5
7 19 5.9
14 30 3.4
25 30 8.2
9 33 6.4
6 8 9.8
10 14 8.4
13 33 2.1
23 36 4.8
1 17 4.8
7 41 7.7
3 21 1.3
3 24 1.6
19 42 8.1
14 26 2.2
2 3 6.2
8 11 2.6
27 29 9.8
11 25 5.4
8 13 5.3
22 31 9.6
30 34 7.7
6 12 0.5
4 36 1.0
37 39 9.1
1 4 0.1
4 14 3.7
1 6 4.5
2 32 4.0
15 16 9.1
16 18 0.2
6 25 9.5
9 38 1.2
2 7 2.5
27 40 2.3
26 29 6.8
24 30 6.7
3 25 9.3
19 20 0.5
14 23 3.7
1 2 8.8
17 32 5.1
10 12 4.3
23 25 8.1
9 10 5.2
13 39 1.3
1 5 0.4
4 7 7.2
31 36 5.9
10 15 0.7
3 27 5.3
6 28 4.1
26 37 1.0
15 22 4.2
20 27 8.8
25 29 5.0
8 9 7.4
8 24 9.8
12 37 3.4
10 19 0.7
5 18 6.1
